Bayesian non parametric moving average phylodynamic model
Effective population size bins: 360 
Iterations: 360 
Effective population size at last iteration:
           Time       Ne
1   -41.9573913 556.0191
2   -41.8408430 556.0191
3   -41.7242947 542.0125
4   -41.6077464 523.6549
5   -41.4911981 545.1985
6   -41.3746498 540.2707
7   -41.2581015 540.2707
8   -41.1415532 552.2092
9   -41.0250049 558.9324
10  -40.9084565 567.7859
11  -40.7919082 558.7940
12  -40.6753599 565.1850
13  -40.5588116 565.1850
14  -40.4422633 565.1850
15  -40.3257150 560.5051
16  -40.2091667 561.7915
17  -40.0926184 566.3595
18  -39.9760701 549.5009
19  -39.8595218 554.2255
20  -39.7429735 560.1783
21  -39.6264251 574.5259
22  -39.5098768 574.5259
23  -39.3933285 574.5259
24  -39.2767802 575.5554
25  -39.1602319 573.4819
26  -39.0436836 599.3351
27  -38.9271353 599.3351
28  -38.8105870 599.4677
29  -38.6940387 599.4677
30  -38.5774904 607.8560
31  -38.4609420 619.2969
32  -38.3443937 625.0746
33  -38.2278454 623.4889
34  -38.1112971 612.9783
35  -37.9947488 629.1754
36  -37.8782005 614.5962
37  -37.7616522 614.5962
38  -37.6451039 590.9317
39  -37.5285556 587.7944
40  -37.4120073 608.7778
41  -37.2954590 569.3991
42  -37.1789106 603.0215
43  -37.0623623 589.0940
44  -36.9458140 642.7356
45  -36.8292657 588.4594
46  -36.7127174 595.5465
47  -36.5961691 593.4892
48  -36.4796208 593.4892
49  -36.3630725 598.3137
50  -36.2465242 604.9398
51  -36.1299759 574.4911
52  -36.0134276 559.4123
53  -35.8968792 567.0602
54  -35.7803309 568.8131
55  -35.6637826 560.4878
56  -35.5472343 560.4878
57  -35.4306860 560.4878
58  -35.3141377 542.4446
59  -35.1975894 538.1089
60  -35.0810411 552.1685
61  -34.9644928 555.3925
62  -34.8479445 570.0251
63  -34.7313962 561.7734
64  -34.6148478 544.4916
65  -34.4982995 557.5754
66  -34.3817512 566.9135
67  -34.2652029 566.9135
68  -34.1486546 557.8339
69  -34.0321063 582.8971
70  -33.9155580 582.8971
71  -33.7990097 556.9111
72  -33.6824614 554.4043
73  -33.5659131 534.3737
74  -33.4493648 562.6178
75  -33.3328164 543.9388
76  -33.2162681 556.3098
77  -33.0997198 556.3098
78  -32.9831715 549.4051
79  -32.8666232 536.9040
80  -32.7500749 537.1566
81  -32.6335266 546.1205
82  -32.5169783 539.3271
83  -32.4004300 560.8158
84  -32.2838817 560.8158
85  -32.1673333 553.5541
86  -32.0507850 551.3652
87  -31.9342367 551.3652
88  -31.8176884 545.6682
89  -31.7011401 532.3970
90  -31.5845918 542.0192
91  -31.4680435 542.0192
92  -31.3514952 548.9558
93  -31.2349469 542.2502
94  -31.1183986 524.9825
95  -31.0018503 524.9825
96  -30.8853019 511.8268
97  -30.7687536 524.6155
98  -30.6522053 524.6155
99  -30.5356570 517.5286
100 -30.4191087 517.3060
101 -30.3025604 517.3060
102 -30.1860121 516.8073
103 -30.0694638 512.0382
104 -29.9529155 519.1905
105 -29.8363672 519.1905
106 -29.7198189 518.4247
107 -29.6032705 519.5743
108 -29.4867222 506.2159
109 -29.3701739 509.9090
110 -29.2536256 503.7376
111 -29.1370773 503.5227
112 -29.0205290 503.5227
113 -28.9039807 498.7791
114 -28.7874324 511.1202
115 -28.6708841 529.6675
116 -28.5543358 509.4125
117 -28.4377875 509.4125
118 -28.3212391 521.9944
119 -28.2046908 515.9003
120 -28.0881425 519.7896
121 -27.9715942 516.3866
122 -27.8550459 516.3866
123 -27.7384976 513.2069
124 -27.6219493 513.2069
125 -27.5054010 522.6709
126 -27.3888527 525.0300
127 -27.2723044 515.5622
128 -27.1557561 501.2786
129 -27.0392077 513.2853
130 -26.9226594 512.0523
131 -26.8061111 534.3294
132 -26.6895628 534.3294
133 -26.5730145 541.2572
134 -26.4564662 532.4897
135 -26.3399179 548.3229
136 -26.2233696 540.6546
137 -26.1068213 560.7012
138 -25.9902730 542.9595
139 -25.8737247 542.9595
140 -25.7571763 536.9392
141 -25.6406280 536.9392
142 -25.5240797 518.7664
143 -25.4075314 528.3296
144 -25.2909831 518.9381
145 -25.1744348 504.8853
146 -25.0578865 491.7011
147 -24.9413382 499.9251
148 -24.8247899 499.9251
149 -24.7082416 493.8797
150 -24.5916932 490.3105
151 -24.4751449 485.1924
152 -24.3585966 488.5694
153 -24.2420483 488.8732
154 -24.1255000 491.2916
155 -24.0089517 496.6393
156 -23.8924034 493.2012
157 -23.7758551 497.0045
158 -23.6593068 509.2105
159 -23.5427585 480.9277
160 -23.4262102 511.7318
161 -23.3096618 516.6523
162 -23.1931135 527.9110
163 -23.0765652 524.5476
164 -22.9600169 515.9607
165 -22.8434686 515.9607
166 -22.7269203 511.5200
167 -22.6103720 511.2224
168 -22.4938237 507.3815
169 -22.3772754 519.5763
170 -22.2607271 519.5763
171 -22.1441788 517.6187
172 -22.0276304 520.7423
173 -21.9110821 525.9612
174 -21.7945338 517.7961
175 -21.6779855 517.7961
176 -21.5614372 512.7939
177 -21.4448889 508.0882
178 -21.3283406 512.9178
179 -21.2117923 512.9178
180 -21.0952440 514.2661
181 -20.9786957 518.2813
182 -20.8621474 518.2813
183 -20.7455990 518.2813
184 -20.6290507 530.5923
185 -20.5125024 522.9551
186 -20.3959541 510.4088
187 -20.2794058 501.7963
188 -20.1628575 499.5415
189 -20.0463092 507.7392
190 -19.9297609 490.3038
191 -19.8132126 502.3945
192 -19.6966643 501.2093
193 -19.5801160 522.4250
194 -19.4635676 485.0556
195 -19.3470193 485.9606
196 -19.2304710 465.9595
197 -19.1139227 467.4982
198 -18.9973744 454.9893
199 -18.8808261 454.8325
200 -18.7642778 468.4719
201 -18.6477295 454.9869
202 -18.5311812 451.8206
203 -18.4146329 446.7859
204 -18.2980846 446.7859
205 -18.1815362 466.6820
206 -18.0649879 473.4718
207 -17.9484396 468.6032
208 -17.8318913 468.7557
209 -17.7153430 469.6770
210 -17.5987947 477.0211
211 -17.4822464 489.1596
212 -17.3656981 488.7490
213 -17.2491498 480.7300
214 -17.1326015 480.7300
215 -17.0160531 483.9673
216 -16.8995048 482.3634
217 -16.7829565 486.2090
218 -16.6664082 477.1277
219 -16.5498599 476.2394
220 -16.4333116 476.2394
221 -16.3167633 482.4448
222 -16.2002150 482.4448
223 -16.0836667 510.0171
224 -15.9671184 494.7075
225 -15.8505701 491.6037
226 -15.7340217 474.3426
227 -15.6174734 474.3426
228 -15.5009251 483.2505
229 -15.3843768 483.2505
230 -15.2678285 483.2505
231 -15.1512802 483.2505
232 -15.0347319 479.2543
233 -14.9181836 479.2543
234 -14.8016353 461.4663
235 -14.6850870 461.4663
236 -14.5685387 477.2691
237 -14.4519903 485.7814
238 -14.3354420 482.6693
239 -14.2188937 461.2961
240 -14.1023454 498.1167
241 -13.9857971 494.7970
242 -13.8692488 493.7125
243 -13.7527005 493.7125
244 -13.6361522 493.7125
245 -13.5196039 481.6795
246 -13.4030556 493.5802
247 -13.2865073 493.5802
248 -13.1699589 487.4651
249 -13.0534106 499.8480
250 -12.9368623 499.8480
251 -12.8203140 494.6296
252 -12.7037657 494.6296
253 -12.5872174 481.7921
254 -12.4706691 497.2688
255 -12.3541208 497.2688
256 -12.2375725 497.2688
257 -12.1210242 497.5756
258 -12.0044759 500.7040
259 -11.8879275 524.1162
260 -11.7713792 524.1162
261 -11.6548309 510.6327
262 -11.5382826 514.0661
263 -11.4217343 514.0661
264 -11.3051860 514.3856
265 -11.1886377 514.3856
266 -11.0720894 518.0921
267 -10.9555411 518.0921
268 -10.8389928 514.7803
269 -10.7224444 508.7110
270 -10.6058961 496.5256
271 -10.4893478 494.6721
272 -10.3727995 510.5527
273 -10.2562512 514.5883
274 -10.1397029 497.2819
275 -10.0231546 497.2819
276  -9.9066063 497.2819
277  -9.7900580 512.6401
278  -9.6735097 510.5793
279  -9.5569614 510.5793
280  -9.4404130 499.7239
281  -9.3238647 507.7935
282  -9.2073164 506.0787
283  -9.0907681 506.5703
284  -8.9742198 503.5931
285  -8.8576715 512.5999
286  -8.7411232 495.3416
287  -8.6245749 479.5956
288  -8.5080266 479.5956
289  -8.3914783 501.6389
290  -8.2749300 493.5829
291  -8.1583816 489.5722
292  -8.0418333 500.6061
293  -7.9252850 496.7265
294  -7.8087367 487.6042
295  -7.6921884 479.6676
296  -7.5756401 480.5032
297  -7.4590918 484.7757
298  -7.3425435 488.4983
299  -7.2259952 491.3487
300  -7.1094469 491.3487
301  -6.9928986 492.1828
302  -6.8763502 492.1828
303  -6.7598019 483.0443
304  -6.6432536 485.3592
305  -6.5267053 495.4632
306  -6.4101570 501.9388
307  -6.2936087 481.8674
308  -6.1770604 505.9777
309  -6.0605121 522.0906
310  -5.9439638 505.5321
311  -5.8274155 518.8714
312  -5.7108672 513.5302
313  -5.5943188 496.8862
314  -5.4777705 492.9166
315  -5.3612222 492.9166
316  -5.2446739 504.9304
317  -5.1281256 504.8122
318  -5.0115773 493.4806
319  -4.8950290 497.8250
320  -4.7784807 497.8250
321  -4.6619324 502.9577
322  -4.5453841 481.3659
323  -4.4288358 485.0903
324  -4.3122874 477.3469
325  -4.1957391 499.7779
326  -4.0791908 496.8335
327  -3.9626425 496.8335
328  -3.8460942 500.4643
329  -3.7295459 511.2177
330  -3.6129976 510.5281
331  -3.4964493 509.2981
332  -3.3799010 496.6214
333  -3.2633527 497.8498
334  -3.1468043 499.2588
335  -3.0302560 503.4636
336  -2.9137077 485.9197
337  -2.7971594 487.8642
338  -2.6806111 485.6122
339  -2.5640628 504.1951
340  -2.4475145 504.1951
341  -2.3309662 499.0683
342  -2.2144179 480.8043
343  -2.0978696 479.8621
344  -1.9813213 472.5261
345  -1.8647729 472.5261
346  -1.7482246 482.8259
347  -1.6316763 477.3373
348  -1.5151280 478.0063
349  -1.3985797 474.2003
350  -1.2820314 475.3469
351  -1.1654831 482.2475
352  -1.0489348 481.0007
353  -0.9323865 480.0538
354  -0.8158382 475.5620
355  -0.6992899 491.7293
356  -0.5827415 490.4065
357  -0.4661932 493.5538
358  -0.3496449 493.5538
359  -0.2330966 505.9667
360  -0.1165483 498.5483
