Maximum a posteriori non parametric moving average phylodynamic model
Effective population size bins: 360 
Effective population size at last iteration:
          Time         Ne
1    0.1165483   96.15739
2    0.2330966   92.29216
3    0.3496449   88.59285
4    0.4661932   85.04881
5    0.5827415   81.67321
6    0.6992899   78.45178
7    0.8158382   75.38614
8    0.9323865   72.43844
9    1.0489348   69.62406
10   1.1654831   66.91580
11   1.2820314   64.32508
12   1.3985797   61.85140
13   1.5151280   59.48005
14   1.6316763   57.20611
15   1.7482246   55.01964
16   1.8647729   52.93394
17   1.9813213   50.96262
18   2.0978696   49.08366
19   2.2144179   47.29512
20   2.3309662   45.59826
21   2.4475145   43.99368
22   2.5640628   42.47009
23   2.6806111   41.03432
24   2.7971594   39.65906
25   2.9137077   38.35923
26   3.0302560   37.11961
27   3.1468043   35.95009
28   3.2633527   34.83766
29   3.3799010   33.78812
30   3.4964493   32.80356
31   3.6129976   31.88072
32   3.7295459   31.01121
33   3.8460942   30.19781
34   3.9626425   29.44339
35   4.0791908   28.74654
36   4.1957391   28.10205
37   4.3122874   27.50737
38   4.4288358   26.96198
39   4.5453841   26.46437
40   4.6619324   26.01860
41   4.7784807   25.61914
42   4.8950290   25.26312
43   5.0115773   24.95021
44   5.1281256   24.68231
45   5.2446739   24.46529
46   5.3612222   24.29812
47   5.4777705   24.18265
48   5.5943188   24.11345
49   5.7108672   24.09240
50   5.8274155   24.12406
51   5.9439638   24.21176
52   6.0605121   24.34840
53   6.1770604   24.53499
54   6.2936087   24.77890
55   6.4101570   25.07008
56   6.5267053   25.41122
57   6.6432536   25.80039
58   6.7598019   26.24808
59   6.8763502   26.75527
60   6.9928986   27.32290
61   7.1094469   27.95610
62   7.2259952   28.65754
63   7.3425435   29.44044
64   7.4590918   30.30101
65   7.5756401   31.24907
66   7.6921884   32.27812
67   7.8087367   33.40012
68   7.9252850   34.60866
69   8.0418333   35.92471
70   8.1583816   37.34682
71   8.2749300   38.88116
72   8.3914783   40.51476
73   8.5080266   42.26723
74   8.6245749   44.12922
75   8.7411232   46.12892
76   8.8576715   48.27467
77   8.9742198   50.58748
78   9.0907681   53.04634
79   9.2073164   55.67007
80   9.3238647   58.47467
81   9.4404130   61.46216
82   9.5569614   64.64094
83   9.6735097   68.00359
84   9.7900580   71.54089
85   9.9066063   75.28442
86  10.0231546   79.20582
87  10.1397029   83.31676
88  10.2562512   87.61986
89  10.3727995   92.13123
90  10.4893478   96.83382
91  10.6058961  101.75261
92  10.7224444  106.86201
93  10.8389928  112.19487
94  10.9555411  117.76679
95  11.0720894  123.52386
96  11.1886377  129.50800
97  11.3051860  135.63123
98  11.4217343  141.99912
99  11.5382826  148.53209
100 11.6548309  155.30107
101 11.7713792  162.21444
102 11.8879275  169.32953
103 12.0044759  176.55743
104 12.1210242  184.00573
105 12.2375725  191.66015
106 12.3541208  199.42520
107 12.4706691  207.38172
108 12.5872174  215.43319
109 12.7037657  223.64192
110 12.8203140  231.95823
111 12.9368623  240.37070
112 13.0534106  248.88761
113 13.1699589  257.47514
114 13.2865073  266.11612
115 13.4030556  274.77492
116 13.5196039  283.47445
117 13.6361522  292.23776
118 13.7527005  300.93797
119 13.8692488  309.70483
120 13.9857971  318.50903
121 14.1023454  327.32525
122 14.2188937  336.18542
123 14.3354420  345.06500
124 14.4519903  353.98752
125 14.5685387  362.88007
126 14.6850870  371.77356
127 14.8016353  380.81532
128 14.9181836  389.91633
129 15.0347319  399.12878
130 15.1512802  408.37873
131 15.2678285  417.65628
132 15.3843768  427.08651
133 15.5009251  436.68020
134 15.6174734  446.46150
135 15.7340217  456.45741
136 15.8505701  466.58342
137 15.9671184  476.82070
138 16.0836667  487.31735
139 16.2002150  497.97315
140 16.3167633  508.94665
141 16.4333116  519.90352
142 16.5498599  530.88819
143 16.6664082  541.76600
144 16.7829565  552.61037
145 16.8995048  563.51160
146 17.0160531  574.31125
147 17.1326015  584.86224
148 17.2491498  595.38910
149 17.3656981  605.94974
150 17.4822464  616.64942
151 17.5987947  627.44524
152 17.7153430  638.26253
153 17.8318913  649.14765
154 17.9484396  660.09278
155 18.0649879  671.36357
156 18.1815362  682.78037
157 18.2980846  694.13890
158 18.4146329  705.63339
159 18.5311812  717.06958
160 18.6477295  728.65055
161 18.7642778  739.97178
162 18.8808261  751.38138
163 18.9973744  762.93552
164 19.1139227  774.56503
165 19.2304710  786.20478
166 19.3470193  797.65686
167 19.4635676  809.17674
168 19.5801160  820.74363
169 19.6966643  831.97245
170 19.8132126  842.67953
171 19.9297609  852.87166
172 20.0463092  862.32456
173 20.1628575  871.53159
174 20.2794058  880.31207
175 20.3959541  888.28846
176 20.5125024  895.58544
177 20.6290507  902.42706
178 20.7455990  909.04614
179 20.8621474  915.33415
180 20.9786957  921.38597
181 21.0952440  927.27086
182 21.2117923  933.31705
183 21.3283406  939.65908
184 21.4448889  946.16574
185 21.5614372  952.63663
186 21.6779855  959.07412
187 21.7945338  965.63595
188 21.9110821  972.12625
189 22.0276304  978.54998
190 22.1441788  984.77863
191 22.2607271  990.80023
192 22.3772754  996.81588
193 22.4938237 1002.75891
194 22.6103720 1008.38777
195 22.7269203 1013.71293
196 22.8434686 1018.54230
197 22.9600169 1022.74795
198 23.0765652 1026.19416
199 23.1931135 1028.88244
200 23.3096618 1030.83006
201 23.4262102 1031.98427
202 23.5427585 1032.34549
203 23.6593068 1031.81597
204 23.7758551 1030.57980
205 23.8924034 1028.83350
206 24.0089517 1026.45634
207 24.1255000 1023.60846
208 24.2420483 1020.52420
209 24.3585966 1017.12975
210 24.4751449 1013.20361
211 24.5916932 1009.10588
212 24.7082416 1004.56857
213 24.8247899  999.84507
214 24.9413382  994.42333
215 25.0578865  988.69699
216 25.1744348  982.17103
217 25.2909831  974.96560
218 25.4075314  966.90784
219 25.5240797  957.82042
220 25.6406280  947.51811
221 25.7571763  936.26167
222 25.8737247  924.22097
223 25.9902730  911.05061
224 26.1068213  896.72558
225 26.2233696  881.41341
226 26.3399179  864.81900
227 26.4564662  847.21427
228 26.5730145  828.75912
229 26.6895628  809.56077
230 26.8061111  789.67593
231 26.9226594  769.26800
232 27.0392077  748.49643
233 27.1557561  727.54254
234 27.2723044  706.39242
235 27.3888527  685.30310
236 27.5054010  664.51021
237 27.6219493  644.19502
238 27.7384976  624.48407
239 27.8550459  605.20515
240 27.9715942  586.46461
241 28.0881425  568.29362
242 28.2046908  550.63532
243 28.3212391  533.49899
244 28.4377875  516.74148
245 28.5543358  500.42443
246 28.6708841  484.62118
247 28.7874324  469.26908
248 28.9039807  454.56426
249 29.0205290  440.49565
250 29.1370773  427.02050
251 29.2536256  414.12697
252 29.3701739  401.69002
253 29.4867222  389.81763
254 29.6032705  378.62177
255 29.7198189  368.04928
256 29.8363672  358.18269
257 29.9529155  348.91939
258 30.0694638  340.42512
259 30.1860121  332.63091
260 30.3025604  325.42210
261 30.4191087  318.88607
262 30.5356570  313.07766
263 30.6522053  308.05129
264 30.7687536  303.77712
265 30.8853019  300.29562
266 31.0018503  297.60602
267 31.1183986  295.62492
268 31.2349469  294.26099
269 31.3514952  293.48180
270 31.4680435  293.31410
271 31.5845918  293.67674
272 31.7011401  294.59698
273 31.8176884  296.01320
274 31.9342367  297.85579
275 32.0507850  300.16259
276 32.1673333  302.99730
277 32.2838817  306.27460
278 32.4004300  310.01353
279 32.5169783  314.20419
280 32.6335266  318.90692
281 32.7500749  323.99257
282 32.8666232  329.57892
283 32.9831715  335.69600
284 33.0997198  342.28230
285 33.2162681  349.32051
286 33.3328164  356.76528
287 33.4493648  364.66955
288 33.5659131  373.04305
289 33.6824614  381.92871
290 33.7990097  391.34585
291 33.9155580  401.29416
292 34.0321063  411.69806
293 34.1486546  422.65799
294 34.2652029  434.12608
295 34.3817512  446.12773
296 34.4982995  458.42584
297 34.6148478  471.02368
298 34.7313962  483.86636
299 34.8479445  496.95303
300 34.9644928  510.24716
301 35.0810411  523.65862
302 35.1975894  537.16588
303 35.3141377  550.72160
304 35.4306860  564.40962
305 35.5472343  578.15129
306 35.6637826  591.77467
307 35.7803309  605.32359
308 35.8968792  618.82787
309 36.0134276  632.29620
310 36.1299759  645.76913
311 36.2465242  659.29994
312 36.3630725  672.78576
313 36.4796208  686.44332
314 36.5961691  700.23686
315 36.7127174  714.16954
316 36.8292657  728.34279
317 36.9458140  742.68237
318 37.0623623  757.24922
319 37.1789106  772.29761
320 37.2954590  787.60364
321 37.4120073  803.43241
322 37.5285556  819.82227
323 37.6451039  836.93247
324 37.7616522  854.69577
325 37.8782005  872.89377
326 37.9947488  891.66111
327 38.1112971  910.93667
328 38.2278454  930.81998
329 38.3443937  951.44934
330 38.4609420  972.90234
331 38.5774904  995.17491
332 38.6940387 1018.44111
333 38.8105870 1042.68637
334 38.9271353 1067.88334
335 39.0436836 1094.17596
336 39.1602319 1121.85938
337 39.2767802 1151.10732
338 39.3933285 1181.64570
339 39.5098768 1213.66156
340 39.6264251 1247.40012
341 39.7429735 1282.56772
342 39.8595218 1319.29879
343 39.9760701 1357.73366
344 40.0926184 1397.78138
345 40.2091667 1439.33461
346 40.3257150 1482.58915
347 40.4422633 1527.67436
348 40.5588116 1574.66438
349 40.6753599 1623.76310
350 40.7919082 1675.09480
351 40.9084565 1728.19555
352 41.0250049 1783.45850
353 41.1415532 1840.16049
354 41.2581015 1898.64145
355 41.3746498 1958.88075
356 41.4911981 2020.66771
357 41.6077464 2084.07668
358 41.7242947 2150.00758
359 41.8408430 2218.52938
360 41.9573913 2289.08781
Drift pararameter (tau):
[1] 873.9641
