Parameter	Posterior Mean	Posterior Variance	a_post	b_post
R/theta	1.13941	0.000369014	3518.17	3087.71
1/delta	0.00152269	6.59177e-10	3517.38	2.30998e+06
nu	0.0364844	1.5801e-08	84242.2	2.30899e+06
NMI9455	3.58764e-05	1.98076e-11	64.9807	1.81124e+06
NMI0945	9.69308e-06	5.15191e-12	18.2371	1.88145e+06
NMI96114	3.07384e-06	1.63367e-12	5.7836	1.88155e+06
NMI02240	6.65453e-06	3.54278e-12	12.4994	1.87834e+06
NMI99247	1.54728e-05	8.25843e-12	28.9896	1.87358e+06
NMI01222	2.59852e-06	1.38284e-12	4.88294	1.87912e+06
NMI96303	2.56595e-06	1.36374e-12	4.82798	1.88156e+06
NMI9328	5.00302e-05	2.76476e-11	90.5329	1.80957e+06
NMI0670	4.10149e-06	2.1846e-12	7.70035	1.87745e+06
NMI00168	2.59117e-06	1.37874e-12	4.86979	1.87937e+06
NMI95244	2.56698e-06	1.36429e-12	4.82992	1.88156e+06
NMI9851	1.04006e-06	5.52762e-13	1.95694	1.88157e+06
NMI05106	2.56611e-06	1.36383e-12	4.82829	1.88156e+06
NMI04129	5.62309e-06	2.99049e-12	10.5733	1.88033e+06
NMI9988	2.56542e-06	1.36345e-12	4.82698	1.88156e+06
NMI97122	1.04022e-06	5.52847e-13	1.95724	1.88157e+06
NMI0198	1.05492e-05	5.68084e-12	19.5895	1.85697e+06
NMI94167	1.0401e-06	5.52786e-13	1.95703	1.88157e+06
NMI93158	1.04524e-06	5.57494e-13	1.95972	1.8749e+06
NMI106	4.16391e-06	2.22363e-12	7.79724	1.87257e+06
NMI9511	2.56618e-06	1.36386e-12	4.82842	1.88156e+06
NMI95161	9.68887e-06	5.14952e-12	18.2297	1.88151e+06
NMI03281	1.03013e-05	5.4972e-12	19.3037	1.87391e+06
NMI99152	1.04004e-06	5.52751e-13	1.9569	1.88157e+06
NMI0589	4.09298e-06	2.17533e-12	7.70113	1.88155e+06
NMI076	2.56603e-06	1.36378e-12	4.82814	1.88156e+06
NMI0173	2.56655e-06	1.36406e-12	4.82911	1.88156e+06
NMI97361	2.57798e-06	1.37218e-12	4.84337	1.87874e+06
NMI0416	6.88289e-05	3.78795e-11	125.066	1.81705e+06
NMI95210	4.09249e-06	2.17507e-12	7.70021	1.88155e+06
NMI00154	5.61871e-06	2.98623e-12	10.5718	1.88154e+06
NMI97265	1.48046e-06	7.87991e-13	2.78145	1.87878e+06
NMI97387	4.03087e-06	2.14865e-12	7.56191	1.876e+06
NMI0395	4.03261e-06	2.14345e-12	7.58681	1.88136e+06
NMI96169	1.03991e-06	5.52682e-13	1.95666	1.88157e+06
NMI067	3.07408e-06	1.6338e-12	5.78405	1.88155e+06
NMI96308	0.000144148	8.48346e-11	244.932	1.69917e+06
NMI006	2.05695e-06	1.09321e-12	3.87027	1.88156e+06
NMI97398	1.98913e-05	1.09371e-11	36.1763	1.8187e+06
NMI93116	3.63392e-06	1.93473e-12	6.82546	1.87826e+06
NMI0472	2.05786e-06	1.0937e-12	3.87199	1.88156e+06
NMI95101	1.54986e-06	8.2371e-13	2.91617	1.88156e+06
NMI96314	1.23482e-05	6.63968e-12	22.9648	1.85976e+06
NMI0618	1.99755e-05	1.07329e-11	37.1772	1.86114e+06
NMI01368	5.52791e-05	3.04346e-11	100.405	1.81633e+06
NMI9039	1.08407e-05	5.85675e-12	20.0659	1.85098e+06
NMI9693	2.05761e-06	1.09356e-12	3.87151	1.88156e+06
NMI01168	3.88866e-05	2.1381e-11	70.7248	1.81875e+06
NMI00204	5.09299e-06	2.70999e-12	9.57144	1.87934e+06
NMI96163	5.10786e-06	2.71473e-12	9.61065	1.88154e+06
NMI0066	2.56683e-06	1.36421e-12	4.82964	1.88156e+06
NMI9923	2.80935e-05	1.53689e-11	51.3534	1.82795e+06
NMI03263	1.04008e-06	5.52771e-13	1.95697	1.88157e+06
NMI98267	7.20351e-05	4.1117e-11	126.202	1.75196e+06
NMI04193	4.0913e-06	2.17443e-12	7.69797	1.88155e+06
NMI04208	6.12579e-06	3.25574e-12	11.5259	1.88153e+06
NMI01191	9.1806e-06	4.87937e-12	17.2734	1.88151e+06
NMI1118	9.55683e-05	5.47468e-11	166.828	1.74564e+06
NMI94202	1.04041e-06	5.5295e-13	1.95761	1.88157e+06
NMI95166	2.06078e-06	1.09652e-12	3.87301	1.87939e+06
NMI01281	2.05896e-06	1.09428e-12	3.87406	1.88156e+06
NMI0440	1.05037e-06	5.58493e-13	1.97546	1.88072e+06
NMI98243	4.07895e-05	2.21871e-11	74.9887	1.83843e+06
NMI9217	2.06385e-06	1.09821e-12	3.87854	1.87928e+06
NMI99216	3.88035e-05	2.13459e-11	70.5387	1.81784e+06
NMI0817	5.10864e-06	2.71514e-12	9.61212	1.88154e+06
NMI02144	1.04215e-06	5.54079e-13	1.96014	1.88086e+06
NMI0187	1.86887e-05	1.01557e-11	34.3914	1.84022e+06
NMI9644	7.39231e-06	3.9619e-12	13.7929	1.86585e+06
NMI0667	4.08858e-05	2.1798e-11	76.6882	1.87567e+06
NMI0879	4.40601e-06	2.34235e-12	8.28778	1.88102e+06
NMI03109	1.40446e-05	7.52852e-12	26.2005	1.86552e+06
NMI99190	1.54898e-06	8.2324e-13	2.9145	1.88156e+06
NMI95134	1.54871e-06	8.23096e-13	2.91399	1.88156e+06
NMI9334	3.05868e-06	1.62792e-12	5.74694	1.87889e+06
NMI9118	8.28626e-06	4.41491e-12	15.5523	1.87688e+06
NMI985	2.05896e-06	1.09482e-12	3.87213	1.88063e+06
NMI03249	4.60059e-06	2.44511e-12	8.6562	1.88154e+06
NMI9539	4.62193e-06	2.45904e-12	8.68722	1.87957e+06
NMI97329	3.63377e-05	2.01226e-11	65.6191	1.80581e+06
NMI9547	1.55066e-06	8.24163e-13	2.91757	1.8815e+06
NMI96161	2.56638e-06	1.36397e-12	4.8288	1.88156e+06
NMI04110	8.61919e-06	4.59101e-12	16.1817	1.87741e+06
NMI0314	3.07387e-06	1.63369e-12	5.78365	1.88155e+06
NMI94189	2.05815e-06	1.09385e-12	3.87254	1.88156e+06
NODE_93	2.10847e-05	1.14435e-11	38.8486	1.8425e+06
NODE_94	5.32938e-07	2.83701e-13	1.00113	1.87852e+06
NODE_95	1.04243e-06	5.5455e-13	1.95953	1.87977e+06
NODE_96	1.81324e-06	9.67215e-13	3.3993	1.87471e+06
NODE_97	8.67089e-05	4.92485e-11	152.663	1.76064e+06
NODE_98	8.25108e-05	4.67499e-11	145.626	1.76494e+06
NODE_99	1.04156e-06	5.53872e-13	1.95865	1.8805e+06
NODE_100	1.49189e-05	8.00772e-12	27.7949	1.86306e+06
NODE_101	1.48743e-05	8.06024e-12	27.449	1.8454e+06
NODE_102	5.10048e-05	2.81621e-11	92.3754	1.81111e+06
NODE_103	5.61791e-06	2.98581e-12	10.5703	1.88154e+06
NODE_106	2.548e-05	1.40611e-11	46.1721	1.81209e+06
NODE_107	6.85683e-06	3.64961e-12	12.8825	1.87879e+06
NODE_108	1.48199e-05	8.04026e-12	27.3161	1.84321e+06
NODE_109	2.5331e-05	1.38623e-11	46.288	1.82733e+06
NODE_110	2.56604e-06	1.36379e-12	4.82816	1.88156e+06
NODE_112	2.76692e-06	1.47233e-12	5.19981	1.87928e+06
NODE_113	1.96166e-05	1.06029e-11	36.2929	1.85011e+06
NODE_114	9.38178e-06	5.03776e-12	17.4716	1.86229e+06
NODE_116	4.12812e-06	2.24015e-12	7.60723	1.84279e+06
NODE_117	1.04862e-05	5.66833e-12	19.399	1.84996e+06
NODE_118	3.65976e-06	1.94954e-12	6.87023	1.87724e+06
NODE_119	1.48911e-05	8.03694e-12	27.5908	1.85283e+06
NODE_120	3.86951e-06	2.06522e-12	7.25013	1.87366e+06
NODE_121	1.09743e-05	5.87814e-12	20.4887	1.86697e+06
NODE_122	2.92904e-06	1.56222e-12	5.49172	1.87492e+06
NODE_123	1.01314e-05	5.40247e-12	18.9996	1.87532e+06
NODE_124	5.52321e-06	2.94524e-12	10.3577	1.8753e+06
NODE_125	1.0558e-06	5.61849e-13	1.98403	1.87916e+06
NODE_126	6.63175e-06	3.54088e-12	12.4207	1.87291e+06
NODE_127	1.04317e-06	5.54638e-13	1.96199	1.8808e+06
NODE_128	6.40165e-06	3.42503e-12	11.9652	1.86908e+06
NODE_129	2.09739e-06	1.1156e-12	3.9432	1.88005e+06
NODE_130	3.85421e-06	2.06431e-12	7.19606	1.86707e+06
NODE_131	1.3517e-05	7.19853e-12	25.3815	1.87774e+06
NODE_132	1.03054e-05	5.53573e-12	19.1846	1.86161e+06
NODE_135	5.6194e-06	2.9866e-12	10.5731	1.88154e+06
NODE_136	1.04054e-06	5.53019e-13	1.95785	1.88157e+06
NODE_137	1.96256e-05	1.05946e-11	36.3547	1.85241e+06
NODE_140	3.07499e-06	1.63428e-12	5.78576	1.88155e+06
NODE_141	1.04001e-06	5.52738e-13	1.95686	1.88157e+06
NODE_143	3.69287e-06	1.9682e-12	6.92884	1.87627e+06
NODE_144	5.1447e-06	2.74425e-12	9.64489	1.87472e+06
NODE_145	1.15036e-06	6.12919e-13	2.15906	1.87686e+06
NODE_146	6.16771e-06	3.27822e-12	11.6041	1.88142e+06
NODE_147	2.56586e-06	1.36369e-12	4.82781	1.88156e+06
NODE_148	5.87208e-07	3.12525e-13	1.10331	1.87892e+06
NODE_149	5.32121e-07	2.831e-13	1.00019	1.87963e+06
NODE_150	5.31726e-07	2.82729e-13	1.00001	1.88069e+06
NODE_151	5.33491e-07	2.83858e-13	1.00266	1.87943e+06
NODE_152	1.57937e-05	8.53738e-12	29.2174	1.84994e+06
NODE_153	3.58371e-06	1.90466e-12	6.74293	1.88155e+06
NODE_156	1.54851e-06	8.22993e-13	2.91363	1.88156e+06
NODE_157	3.58279e-06	1.90417e-12	6.7412	1.88155e+06
NODE_170	1.55123e-06	8.25283e-13	2.91574	1.87963e+06
NODE_172	5.3422e-07	2.84187e-13	1.00424	1.87982e+06
NODE_173	9.96645e-06	5.33474e-12	18.6195	1.86822e+06
NODE_174	5.51227e-06	2.93831e-12	10.341	1.876e+06
NODE_175	2.04123e-06	1.08553e-12	3.83833	1.8804e+06
NODE_176	2.2685e-06	1.2061e-12	4.2667	1.88085e+06
NODE_177	1.52752e-06	8.12981e-13	2.87006	1.87891e+06
NODE_178	5.22215e-06	2.78665e-12	9.78623	1.87399e+06
NODE_179	4.39882e-06	2.3431e-12	8.25814	1.87735e+06
NODE_180	2.03172e-06	1.08019e-12	3.82146	1.8809e+06
