Parameter	Posterior Mean	Posterior Variance	a_post	b_post
R/theta	0.881115	8.01867e-05	9681.96	10988.3
1/delta	0.00107808	1.20054e-10	9681.17	8.97997e+06
nu	0.0312642	3.48193e-09	280720	8.97898e+06
NMI94203	4.23471e-06	2.62502e-12	6.83146	1.61321e+06
NMI95230	4.83308e-06	2.99398e-12	7.80187	1.61426e+06
NMI9645	1.62503e-06	1.03016e-12	2.5634	1.57745e+06
NMI95199	6.07619e-06	3.77314e-12	9.78498	1.61038e+06
NMI9656	1.22113e-06	7.56543e-13	1.97101	1.61409e+06
NMI00258	1.22163e-06	7.56767e-13	1.97206	1.61428e+06
19MI0102	3.62941e-06	2.24833e-12	5.85884	1.61427e+06
NMI02222	4.23246e-06	2.62191e-12	6.83232	1.61427e+06
NMI9896	1.28207e-05	8.08927e-12	20.3196	1.5849e+06
NMI982	4.11531e-06	2.55663e-12	6.62428	1.60967e+06
NMI0770	2.11488e-05	1.32948e-11	33.6425	1.59076e+06
NMI0584	1.22144e-06	7.56649e-13	1.97175	1.61428e+06
NMI00253	6.74591e-06	4.17999e-12	10.8869	1.61386e+06
NMI01270	1.28228e-05	8.04247e-12	20.4444	1.59438e+06
18MI0008	2.21422e-05	1.44853e-11	33.8465	1.5286e+06
NMI95106	3.6291e-06	2.24814e-12	5.85834	1.61427e+06
NMI0067	3.67701e-06	2.29424e-12	5.89319	1.60271e+06
NMI97106	5.64975e-06	3.52022e-12	9.06752	1.60494e+06
NMI01278	3.62897e-06	2.24806e-12	5.85814	1.61427e+06
NMI0058	2.43955e-06	1.52008e-12	3.91518	1.60488e+06
NMI97248	3.01573e-06	1.86907e-12	4.86586	1.61349e+06
NMI93173	2.42576e-06	1.50269e-12	3.91584	1.61428e+06
NMI0228	7.07613e-06	4.41167e-12	11.3498	1.60396e+06
NMI9879	2.42555e-06	1.50257e-12	3.91551	1.61428e+06
NMI0145	6.04092e-06	3.74373e-12	9.7477	1.61361e+06
NMI96131	1.22157e-06	7.56727e-13	1.97196	1.61428e+06
NMI97105	2.57234e-06	1.59597e-12	4.14603	1.61177e+06
NMI0928	7.81089e-06	4.86892e-12	12.5305	1.60423e+06
NMI98174	3.62962e-06	2.24846e-12	5.85918	1.61427e+06
NMI99263	1.22676e-05	7.61802e-12	19.755	1.61034e+06
17MI0063	2.4286e-06	1.5063e-12	3.91562	1.6123e+06
NMI1053	3.62953e-06	2.24841e-12	5.85905	1.61427e+06
NMI01344	9.81211e-06	6.09616e-12	15.7931	1.60956e+06
NMI95165	1.82325e-06	1.12945e-12	2.94322	1.61428e+06
19MI0106	3.59047e-06	2.22663e-12	5.7897	1.61252e+06
NMI0737	1.22163e-06	7.56763e-13	1.97205	1.61428e+06
NMI01140	1.22153e-06	7.56703e-13	1.97189	1.61428e+06
19MI0078	1.95668e-06	1.21403e-12	3.15363	1.61172e+06
NMI0233	1.22399e-06	7.59105e-13	1.97358	1.61242e+06
NMI96168	1.8236e-06	1.12967e-12	2.94379	1.61428e+06
NMI0136	4.83774e-06	2.99943e-12	7.80274	1.61289e+06
NMI98189	4.23152e-06	2.62133e-12	6.8308	1.61427e+06
NMI96262	1.82943e-06	1.13382e-12	2.95181	1.61351e+06
NMI0592	3.02725e-06	1.8753e-12	4.8868	1.61427e+06
NMI95279	2.44196e-06	1.51761e-12	3.92933	1.60909e+06
NMI94179	1.22179e-06	7.56864e-13	1.97231	1.61428e+06
NMI99238	1.22249e-06	7.57406e-13	1.97317	1.61405e+06
17MI0039	1.22158e-06	7.56733e-13	1.97197	1.61428e+06
NMI01366	4.83495e-06	2.99543e-12	7.80415	1.61411e+06
NMI9920	2.44989e-06	1.52679e-12	3.9311	1.6046e+06
NMI00230	1.22131e-06	7.56568e-13	1.97154	1.61428e+06
19MI0012	2.66463e-06	1.65264e-12	4.29629	1.61234e+06
NMI96240	2.42575e-06	1.50269e-12	3.91583	1.61428e+06
NMI973	1.62685e-05	1.01185e-11	26.1566	1.6078e+06
NMI96234	3.37528e-06	2.10452e-12	5.41338	1.60383e+06
NMI0098	3.02714e-06	1.87524e-12	4.88663	1.61427e+06
NMI95300	1.82368e-06	1.12972e-12	2.94392	1.61428e+06
NMI94252	1.91857e-06	1.19439e-12	3.08183	1.60632e+06
NMI99202	3.6369e-06	2.25706e-12	5.8603	1.61135e+06
NMI02121	4.83411e-06	2.99462e-12	7.80353	1.61426e+06
NMI97260	7.98298e-06	5.02614e-12	12.6793	1.58829e+06
NMI0248	5.37687e-06	3.33805e-12	8.66099	1.61079e+06
NMI99119	2.42518e-06	1.50233e-12	3.91491	1.61428e+06
NMI0438	1.8233e-06	1.12948e-12	2.94331	1.61428e+06
NMI9795	2.9153e-06	1.8095e-12	4.69686	1.61111e+06
NMI98117	1.22135e-06	7.5659e-13	1.9716	1.61428e+06
NMI96176	1.22135e-06	7.56594e-13	1.97161	1.61428e+06
NMI0235	3.93064e-06	2.44756e-12	6.31239	1.60594e+06
NMI0377	4.84101e-06	3.00243e-12	7.80546	1.61236e+06
NMI05160	7.84425e-06	4.85937e-12	12.6626	1.61425e+06
NMI9975	2.43528e-06	1.50935e-12	3.92923	1.61346e+06
NMI97310	2.42516e-06	1.50232e-12	3.91487	1.61428e+06
14MI0017	2.68135e-05	1.69528e-11	42.41	1.58166e+06
NMI96336	4.00753e-05	2.48296e-11	64.6821	1.61402e+06
NMI9929	3.02794e-06	1.87573e-12	4.88792	1.61427e+06
NMI96142	4.64639e-06	2.90555e-12	7.43025	1.59914e+06
NMI99295	9.54522e-06	5.93641e-12	15.3479	1.60791e+06
NMI00169	1.82351e-06	1.12961e-12	2.94365	1.61428e+06
NMI0166	5.49899e-06	3.41542e-12	8.85363	1.61005e+06
NMI96191	2.42626e-06	1.50353e-12	3.91528	1.61371e+06
NMI98160	6.11839e-06	3.82321e-12	9.79144	1.60033e+06
NMI00243	4.23415e-06	2.62369e-12	6.83314	1.61381e+06
NMI0076	1.8236e-06	1.12967e-12	2.94379	1.61428e+06
NMI99244	1.82345e-06	1.12958e-12	2.94356	1.61428e+06
19MI0081	1.84934e-06	1.15121e-12	2.97085	1.60643e+06
NMI9592	2.42542e-06	1.50248e-12	3.91529	1.61428e+06
NMI0522	5.4551e-06	3.40323e-12	8.74408	1.60292e+06
16MI0032	4.02339e-06	2.50282e-12	6.46778	1.60754e+06
NMI0443	6.83e-06	4.29171e-12	10.8695	1.59144e+06
NMI99143	2.42539e-06	1.50246e-12	3.91524	1.61428e+06
NMI97142	1.23478e-06	7.67372e-13	1.9869	1.60911e+06
NMI9784	1.63208e-05	1.02319e-11	26.0331	1.59509e+06
NMI98221	3.62987e-06	2.24861e-12	5.85959	1.61427e+06
NMI99133	4.83828e-06	3.0002e-12	7.80245	1.61265e+06
NMI96192	1.82366e-06	1.12971e-12	2.94389	1.61428e+06
NMI96121	2.43108e-06	1.50929e-12	3.91586	1.61074e+06
NMI98185	4.24656e-06	2.63929e-12	6.8326	1.60898e+06
NMI9798	1.82767e-06	1.13469e-12	2.94386	1.61072e+06
NMI03140	2.42597e-06	1.50283e-12	3.91619	1.61428e+06
NMI97183	6.03691e-06	3.73974e-12	9.74514	1.61426e+06
NMI03189	4.83371e-06	2.99437e-12	7.80289	1.61426e+06
NMI96148	1.22157e-06	7.56728e-13	1.97196	1.61428e+06
NMI96315	6.63945e-06	4.11301e-12	10.7178	1.61426e+06
NMI00104	3.02759e-06	1.87551e-12	4.88735	1.61427e+06
NMI95267	8.47363e-06	5.29867e-12	13.551	1.5992e+06
NMI1022	1.22156e-06	7.56721e-13	1.97194	1.61428e+06
NMI00254	1.5068e-05	9.33451e-12	24.323	1.61422e+06
NMI99303	7.2411e-06	4.48573e-12	11.689	1.61425e+06
NMI00220	9.05453e-06	5.61393e-12	14.6038	1.61287e+06
NMI9321	1.22145e-06	7.56655e-13	1.97177	1.61428e+06
NMI93178	7.92842e-06	4.94813e-12	12.7038	1.60231e+06
17MI0030	1.22167e-06	7.56791e-13	1.97212	1.61428e+06
NMI95225	1.82846e-06	1.13407e-12	2.94802	1.6123e+06
NMI03183	1.87134e-05	1.17766e-11	29.7364	1.58904e+06
NMI95107	4.83441e-06	2.99481e-12	7.80402	1.61426e+06
NMI04180	7.84388e-06	4.85914e-12	12.662	1.61425e+06
NMI99283	3.63594e-06	2.25698e-12	5.85744	1.61098e+06
NMI97132	6.20351e-07	3.84825e-13	1.00003	1.61204e+06
NMI97190	2.80291e-06	1.73921e-12	4.51717	1.6116e+06
NMI0019	4.90003e-06	3.05132e-12	7.86883	1.60587e+06
NMI9665	1.82382e-06	1.12981e-12	2.94416	1.61428e+06
NMI02282	6.99077e-06	4.34926e-12	11.2366	1.60735e+06
NMI96196	1.82361e-06	1.12968e-12	2.94381	1.61428e+06
NMI0396	3.04484e-06	1.89364e-12	4.89587	1.60792e+06
NMI0381	1.06853e-05	6.74894e-12	16.9177	1.58326e+06
NMI99141	6.28633e-06	3.89967e-12	10.1337	1.61202e+06
NMI01213	1.38291e-05	8.60591e-12	22.2224	1.60693e+06
19MI0107	5.79466e-06	3.60783e-12	9.30701	1.60614e+06
NMI03180	1.22153e-06	7.56703e-13	1.97189	1.61428e+06
NMI0172	1.82403e-06	1.12994e-12	2.9445	1.61428e+06
NMI94105	2.42597e-06	1.50282e-12	3.91619	1.61428e+06
16MI0044	3.028e-06	1.87577e-12	4.88802	1.61427e+06
NMI0769	5.92554e-06	3.70567e-12	9.47523	1.59905e+06
NMI0273	1.14557e-05	7.09669e-12	18.4922	1.61424e+06
NMI9158	1.2215e-06	7.56681e-13	1.97184	1.61428e+06
NMI03153	3.0277e-06	1.87558e-12	4.88753	1.61427e+06
NMI0257	4.94807e-06	3.08023e-12	7.94856	1.6064e+06
NMI9540	9.84334e-06	6.14682e-12	15.7628	1.60137e+06
NMI02252	3.02733e-06	1.87535e-12	4.88693	1.61427e+06
NMI96280	7.75344e-06	4.82289e-12	12.4647	1.60763e+06
NMI98274	4.23195e-06	2.62159e-12	6.8315	1.61427e+06
NMI98287	3.02694e-06	1.87511e-12	4.88631	1.61427e+06
NMI9577	4.23592e-06	2.62676e-12	6.83086	1.6126e+06
NMI96305	1.22116e-06	7.56472e-13	1.97129	1.61428e+06
NMI017	1.22159e-06	7.56739e-13	1.97199	1.61428e+06
NMI03259	1.82341e-06	1.12955e-12	2.9435	1.61428e+06
NMI03144	2.42525e-06	1.50237e-12	3.91501	1.61428e+06
NMI0194	1.83173e-06	1.13983e-12	2.94364	1.60703e+06
NMI01272	6.20249e-06	3.86965e-12	9.94171	1.60286e+06
NMI03102	1.35267e-05	8.40764e-12	21.7625	1.60886e+06
NMI93162	1.82775e-06	1.13457e-12	2.94444	1.61097e+06
NMI96295	1.8235e-06	1.12961e-12	2.94364	1.61428e+06
NMI0683	4.23265e-06	2.62254e-12	6.83127	1.61395e+06
NMI93110	2.43158e-06	1.50713e-12	3.92306	1.61338e+06
NMI04162	1.22149e-06	7.56678e-13	1.97183	1.61428e+06
NMI06130	4.84449e-06	3.00349e-12	7.81394	1.61295e+06
NMI9366	4.23163e-06	2.6214e-12	6.83099	1.61427e+06
NMI01161	6.69997e-06	4.17534e-12	10.7511	1.60465e+06
NMI108	1.47798e-05	9.28807e-12	23.5188	1.59127e+06
NMI99114	3.62912e-06	2.24815e-12	5.85838	1.61427e+06
NMI01193	1.24922e-05	7.84963e-12	19.8806	1.59144e+06
NMI00227	8.72622e-06	5.43245e-12	14.0171	1.60631e+06
NMI02208	1.298e-05	8.22894e-12	20.474	1.57736e+06
NMI03179	6.35119e-05	4.08586e-11	98.7247	1.55443e+06
NMI1328	1.22115e-06	7.56469e-13	1.97128	1.61428e+06
NMI97389	6.2335e-07	3.87534e-13	1.00266	1.6085e+06
NMI99205	1.8237e-06	1.12973e-12	2.94395	1.61428e+06
NMI03163	2.35599e-05	1.45963e-11	38.0278	1.61409e+06
NMI941	1.82819e-06	1.13413e-12	2.947	1.61198e+06
NMI9949	1.42479e-05	8.92652e-12	22.7416	1.59613e+06
NMI97134	4.8027e-06	2.98848e-12	7.71828	1.60707e+06
NMI95162	4.23238e-06	2.62186e-12	6.83219	1.61427e+06
NMI96218	7.54208e-06	4.6881e-12	12.1335	1.60877e+06
NMI00285	4.8886e-06	3.03409e-12	7.87662	1.61122e+06
NMI98216	1.82381e-06	1.1298e-12	2.94414	1.61428e+06
NMI0225	6.20574e-07	3.85043e-13	1.00018	1.6117e+06
NMI1023	1.51244e-05	9.44412e-12	24.2212	1.60146e+06
NMI97262	1.22152e-06	7.56699e-13	1.97188	1.61428e+06
NMI97277	1.82341e-06	1.12955e-12	2.94349	1.61428e+06
NMI9861	3.02794e-06	1.87573e-12	4.88793	1.61427e+06
NMI04186	4.32207e-06	2.68965e-12	6.94525	1.60693e+06
NMI037	3.02757e-06	1.8755e-12	4.88733	1.61427e+06
NMI9440	2.40616e-05	1.49837e-11	38.6394	1.60585e+06
NMI98277	1.02534e-05	6.35186e-12	16.5515	1.61424e+06
NMI94178	2.42534e-06	1.50243e-12	3.91517	1.61428e+06
NMI9239	6.03826e-06	3.74058e-12	9.74732	1.61426e+06
NMI02187	6.03854e-06	3.74075e-12	9.74777	1.61426e+06
NMI1142	6.37145e-07	3.95575e-13	1.02624	1.61068e+06
NMI0437	3.09283e-05	1.96286e-11	48.7329	1.57567e+06
NMI1116	1.9246e-05	1.20371e-11	30.7721	1.59889e+06
NMI96160	4.8925e-06	3.04765e-12	7.8541	1.60534e+06
NMI9450	2.42584e-06	1.50274e-12	3.91597	1.61428e+06
NMI9215	4.83356e-06	2.99428e-12	7.80265	1.61426e+06
NMI99214	1.82342e-06	1.12956e-12	2.94351	1.61428e+06
NMI93189	3.63298e-06	2.25126e-12	5.86271	1.61375e+06
NMI01134	2.19841e-05	1.41793e-11	34.085	1.55044e+06
NMI95251	1.22277e-06	7.58127e-13	1.9722	1.61289e+06
NMI9476	1.82543e-06	1.13171e-12	2.94439	1.61299e+06
NMI9919	2.43256e-06	1.5097e-12	3.91955	1.61128e+06
NMI9677	6.64036e-06	4.11357e-12	10.7193	1.61426e+06
NMI9725	3.6303e-06	2.24888e-12	5.86028	1.61427e+06
NMI92108	3.62974e-06	2.24853e-12	5.85938	1.61427e+06
NMI0717	5.51206e-05	3.65318e-11	83.168	1.50884e+06
NMI02209	2.42536e-06	1.50245e-12	3.9152	1.61428e+06
19MI0027	1.2661e-05	7.84339e-12	20.4378	1.61423e+06
NMI9441	1.82339e-06	1.12954e-12	2.94345	1.61428e+06
NMI03235	1.82403e-06	1.12994e-12	2.94449	1.61428e+06
NMI0464	4.84283e-06	3.00464e-12	7.8056	1.61179e+06
19MI0084	7.04483e-06	4.39896e-12	11.2821	1.60148e+06
NMI96108	4.56533e-06	2.82969e-12	7.36555	1.61337e+06
NMI02247	3.73434e-05	2.48062e-11	56.2169	1.50541e+06
NMI955	1.82313e-06	1.12938e-12	2.94303	1.61428e+06
NMI96312	3.02758e-06	1.87551e-12	4.88734	1.61427e+06
NMI97401	3.37842e-06	2.09742e-12	5.44179	1.61075e+06
NMI0453	9.12087e-06	5.65906e-12	14.7004	1.61173e+06
NMI99111	3.02804e-06	1.87579e-12	4.88808	1.61427e+06
NMI0564	1.22148e-06	7.56672e-13	1.97181	1.61428e+06
NMI98249	1.21416e-05	7.59754e-12	19.4035	1.5981e+06
NMI055	1.82489e-06	1.13147e-12	2.94327	1.61285e+06
NMI96302	3.02683e-06	1.87504e-12	4.88613	1.61427e+06
NMI99156	2.4255e-06	1.50253e-12	3.91543	1.61428e+06
NMI0552	1.47955e-05	9.43023e-12	23.2133	1.56894e+06
NMI1220	1.82364e-05	1.13835e-11	29.2149	1.60201e+06
NMI0514	1.45933e-05	9.29412e-12	22.914	1.57017e+06
NMI97303	1.22133e-06	7.56578e-13	1.97157	1.61428e+06
NMI01201	1.22145e-06	7.5665e-13	1.97176	1.61428e+06
NMI0953	1.54733e-05	9.70385e-12	24.673	1.59455e+06
NMI95114	1.82344e-06	1.12957e-12	2.94354	1.61428e+06
NMI01147	1.82295e-06	1.12927e-12	2.94275	1.61428e+06
NMI9982	3.03302e-06	1.88202e-12	4.88795	1.61158e+06
NMI97297	1.82372e-06	1.12974e-12	2.94399	1.61428e+06
NMI01367	1.22188e-06	7.56922e-13	1.97246	1.61428e+06
NMI96331	3.62937e-06	2.2483e-12	5.85878	1.61427e+06
17MI0020	5.70785e-06	3.55909e-12	9.1539	1.60374e+06
NMI02115	2.4534e-06	1.52302e-12	3.95213	1.61088e+06
NMI9661	2.42537e-06	1.50245e-12	3.91522	1.61428e+06
NMI96116	1.22146e-06	7.56656e-13	1.97177	1.61428e+06
NMI0242	6.55647e-06	4.09346e-12	10.5015	1.6017e+06
NMI95120	1.22125e-06	7.5653e-13	1.97144	1.61428e+06
NMI0213	2.42549e-06	1.50253e-12	3.91541	1.61428e+06
NMI93101	2.42577e-06	1.5027e-12	3.91586	1.61428e+06
17MI0064	8.804e-06	5.47858e-12	14.1479	1.60698e+06
NMI9785	2.51302e-06	1.56626e-12	4.03206	1.60447e+06
NMI95103	2.47927e-06	1.53988e-12	3.99175	1.61005e+06
NMI99175	1.2803e-06	7.96258e-13	2.05858	1.60789e+06
NMI95222	2.42534e-06	1.50243e-12	3.91516	1.61428e+06
NMI95127	1.2217e-06	7.56809e-13	1.97217	1.61428e+06
NMI0052	1.82381e-06	1.1298e-12	2.94413	1.61428e+06
NMI0234	1.22113e-06	7.56452e-13	1.97124	1.61428e+06
NMI93121	2.27856e-06	1.41486e-12	3.6695	1.61045e+06
NMI9974	1.22127e-06	7.56541e-13	1.97147	1.61428e+06
NMI00178	1.8236e-06	1.12967e-12	2.9438	1.61428e+06
NMI01228	2.41143e-06	1.49668e-12	3.88527	1.61119e+06
NMI92118	6.23739e-07	3.87096e-13	1.00505	1.61133e+06
NMI95263	3.76442e-06	2.36631e-12	5.98859	1.59084e+06
NMI99219	3.63767e-06	2.25845e-12	5.85918	1.61069e+06
NMI96180	1.22137e-06	7.56603e-13	1.97163	1.61428e+06
NMI04195	1.14559e-05	7.0968e-12	18.4925	1.61424e+06
NMI9786	1.22167e-06	7.56791e-13	1.97212	1.61428e+06
NMI02199	1.82363e-06	1.12969e-12	2.94385	1.61428e+06
NMI01103	1.06484e-05	6.67821e-12	16.979	1.59451e+06
NMI01342	9.22263e-06	5.76389e-12	14.7569	1.60007e+06
NMI038	5.44747e-06	3.38012e-12	8.77926	1.61162e+06
NMI9495	3.64012e-06	2.26044e-12	5.86189	1.61036e+06
NMI95229	5.48967e-06	3.43101e-12	8.78354	1.60001e+06
NMI95201	2.43149e-06	1.51015e-12	3.91495	1.6101e+06
NMI01277	1.04833e-05	6.53413e-12	16.8193	1.60439e+06
NMI9853	1.22192e-06	7.57159e-13	1.97197	1.61382e+06
NMI04159	3.62997e-06	2.24943e-12	5.85779	1.61373e+06
NMI97249	1.82381e-06	1.1298e-12	2.94414	1.61428e+06
NMI0848	6.64001e-06	4.11336e-12	10.7187	1.61426e+06
NMI9642	1.22162e-06	7.5676e-13	1.97204	1.61428e+06
NMI03145	9.06581e-06	5.62496e-12	14.6115	1.61171e+06
NMI0725	2.81667e-05	1.82184e-11	43.5473	1.54605e+06
NMI99195	8.79226e-06	5.45498e-12	14.1712	1.61179e+06
NMI96199	6.24961e-07	3.87173e-13	1.00879	1.61417e+06
NMI99245	1.43708e-05	8.93204e-12	23.1214	1.60891e+06
NMI9918	1.38107e-05	8.75845e-12	21.7772	1.57684e+06
NMI00138	6.21422e-07	3.86051e-13	1.0003	1.60969e+06
NMI053	1.02519e-05	6.35094e-12	16.5491	1.61424e+06
NMI00282	1.32756e-05	8.22907e-12	21.4168	1.61325e+06
NMI0832	3.07774e-06	1.90674e-12	4.9679	1.61414e+06
NMI0291	6.26814e-07	3.88481e-13	1.01137	1.6135e+06
14MI0020	1.22356e-06	7.57991e-13	1.97508	1.61421e+06
NMI9322	3.63006e-06	2.24873e-12	5.8599	1.61427e+06
NMI1245	2.42605e-06	1.50287e-12	3.91631	1.61428e+06
NMI99234	1.22148e-06	7.56672e-13	1.97181	1.61428e+06
NMI03174	1.22161e-06	7.56754e-13	1.97203	1.61428e+06
NMI0923	1.82977e-06	1.13669e-12	2.94546	1.60974e+06
NMI9293	1.22132e-06	7.56575e-13	1.97156	1.61428e+06
NMI99296	2.44132e-06	1.51343e-12	3.93811	1.6131e+06
17MI0059	1.82295e-06	1.12926e-12	2.94274	1.61428e+06
NMI02283	4.83364e-06	2.99433e-12	7.80277	1.61426e+06
NMI0121	4.23171e-06	2.62144e-12	6.83111	1.61427e+06
NMI05119	1.82297e-06	1.12928e-12	2.94278	1.61428e+06
NMI95272	1.22184e-06	7.56892e-13	1.97239	1.61428e+06
NMI9491	2.42548e-06	1.50252e-12	3.91539	1.61428e+06
18MI0035	4.8341e-06	2.99461e-12	7.80351	1.61426e+06
NMI98211	6.05411e-06	3.766e-12	9.73241	1.60757e+06
NMI9749	1.22166e-06	7.56784e-13	1.9721	1.61428e+06
NMI95219	1.22139e-06	7.56613e-13	1.97166	1.61428e+06
NMI9720	2.60097e-06	1.61458e-12	4.18996	1.61092e+06
NMI023	3.66621e-06	2.27785e-12	5.90079	1.60951e+06
NMI01174	9.07138e-06	5.78314e-12	14.2293	1.56859e+06
16MI0026	1.33303e-05	8.29616e-12	21.4193	1.60681e+06
NMI02145	6.73144e-06	4.20499e-12	10.7758	1.60082e+06
NMI01293	6.41721e-06	3.97669e-12	10.3555	1.61371e+06
NMI993	6.55959e-06	4.08269e-12	10.5392	1.60668e+06
NMI02105	1.82374e-06	1.12976e-12	2.94402	1.61428e+06
NMI02134	1.22154e-06	7.5671e-13	1.97191	1.61428e+06
NMI03177	1.48174e-06	9.26295e-13	2.37025	1.59964e+06
NMI9475	3.02729e-06	1.87533e-12	4.88687	1.61427e+06
NMI9979	7.42773e-06	4.6379e-12	11.8957	1.60153e+06
NMI0156	1.27929e-05	8.02333e-12	20.398	1.59447e+06
NMI01138	1.22155e-06	7.56716e-13	1.97193	1.61428e+06
NMI92130	1.82335e-06	1.12952e-12	2.9434	1.61428e+06
NMI02142	7.58019e-06	4.73441e-12	12.1365	1.60108e+06
NMI95274	6.63965e-06	4.11313e-12	10.7181	1.61426e+06
NMI9818	2.42586e-06	1.50276e-12	3.91601	1.61428e+06
NMI0164	1.45088e-05	9.30599e-12	22.6205	1.55909e+06
NMI95262	1.2216e-06	7.56747e-13	1.97201	1.61428e+06
NMI0884	1.54145e-05	9.77659e-12	24.3036	1.57667e+06
NMI99187	4.91726e-06	3.04638e-12	7.93711	1.61413e+06
NMI01197	3.45149e-06	2.14014e-12	5.56638	1.61275e+06
NMI9776	4.84077e-06	3.00331e-12	7.8024	1.61181e+06
NMI04119	1.22639e-05	7.66143e-12	19.6311	1.60073e+06
NMI92124	1.82358e-06	1.12965e-12	2.94376	1.61428e+06
NMI02178	2.42589e-06	1.50278e-12	3.91606	1.61428e+06
NMI02131	5.84212e-06	3.65815e-12	9.32995	1.59702e+06
NMI9681	1.82347e-06	1.12959e-12	2.94359	1.61428e+06
NMI96204	2.44083e-06	1.51961e-12	3.92049	1.60622e+06
NMI04148	4.11529e-06	2.55054e-12	6.63998	1.61349e+06
NMI0657	1.2191e-05	7.61774e-12	19.5098	1.60034e+06
NMI0063	6.25695e-07	3.90495e-13	1.00256	1.60231e+06
NMI0478	4.23197e-06	2.6216e-12	6.83153	1.61427e+06
17MI0057	5.43652e-06	3.36795e-12	8.77557	1.61419e+06
NMI0326	4.7425e-05	3.13672e-11	71.7033	1.51193e+06
NMI9664	4.83552e-06	2.99591e-12	7.80472	1.61404e+06
NMI01353	4.23536e-06	2.62553e-12	6.83225	1.61314e+06
NMI00155	3.6298e-06	2.24857e-12	5.85948	1.61427e+06
NMI0651	6.28833e-07	3.91745e-13	1.00941	1.60521e+06
NMI02102	1.82302e-06	1.12931e-12	2.94287	1.61428e+06
NMI98301	2.4256e-06	1.5026e-12	3.91559	1.61428e+06
NMI98184	2.42587e-06	1.50276e-12	3.91602	1.61428e+06
16MI0017	6.20376e-07	3.84745e-13	1.00031	1.61243e+06
NMI94115	1.22164e-06	7.56768e-13	1.97206	1.61428e+06
NMI04111	9.25619e-06	5.7584e-12	14.8786	1.60742e+06
NMI9936	5.23595e-06	3.26984e-12	8.38425	1.60129e+06
NMI94213	1.80798e-05	1.12004e-11	29.1845	1.61421e+06
NMI00114	3.62907e-06	2.24812e-12	5.8583	1.61427e+06
NMI0289	5.46666e-06	3.39485e-12	8.80288	1.61028e+06
NMI9528	6.99602e-06	4.39808e-12	11.1286	1.5907e+06
NMI9945	2.47675e-06	1.53857e-12	3.987	1.60977e+06
NMI05149	4.51957e-05	2.80543e-11	72.8106	1.61101e+06
NMI9766	2.42521e-06	1.50235e-12	3.91495	1.61428e+06
NMI99124	1.82386e-06	1.12983e-12	2.94421	1.61428e+06
NMI0021	1.82363e-06	1.12969e-12	2.94385	1.61428e+06
NMI9576	5.98699e-06	3.72823e-12	9.61423	1.60585e+06
NMI99203	3.62942e-06	2.24833e-12	5.85886	1.61427e+06
NMI96127	3.63203e-06	2.25175e-12	5.8584	1.61298e+06
NMI9039	3.44954e-05	2.17928e-11	54.6022	1.58288e+06
NMI03203	1.04366e-05	6.64753e-12	16.3854	1.57e+06
NMI96287	2.42928e-06	1.50665e-12	3.91689	1.61237e+06
NMI00222	3.04034e-06	1.88352e-12	4.90765	1.61418e+06
NMI99129	9.83214e-06	6.10995e-12	15.8219	1.6092e+06
NMI98285	3.62997e-06	2.24868e-12	5.85976	1.61427e+06
NMI97363	1.56684e-05	9.70653e-12	25.2922	1.61422e+06
NMI9783	6.20107e-07	3.84408e-13	1.00033	1.61315e+06
NMI085	4.23194e-06	2.62159e-12	6.83149	1.61427e+06
NMI1149	1.22165e-06	7.56778e-13	1.97209	1.61428e+06
NMI0247	3.63007e-06	2.24874e-12	5.85991	1.61427e+06
NMI0220	6.29892e-06	3.90635e-12	10.1569	1.61248e+06
NMI05150	2.42554e-06	1.50255e-12	3.91548	1.61428e+06
NMI0044	4.575e-05	3.0439e-11	68.7626	1.50301e+06
NMI00190	9.33641e-06	5.91399e-12	14.7394	1.5787e+06
NMI92123	4.23789e-06	2.6263e-12	6.83842	1.61364e+06
NMI98218	1.82358e-06	1.12965e-12	2.94376	1.61428e+06
19MI0116	8.46224e-06	5.24303e-12	13.658	1.614e+06
NMI9499	4.83418e-06	2.99466e-12	7.80364	1.61426e+06
NMI97230	2.45647e-05	1.58002e-11	38.1908	1.5547e+06
NMI97155	1.82353e-06	1.12963e-12	2.94369	1.61428e+06
NMI01291	4.05526e-06	2.51291e-12	6.54427	1.61377e+06
NMI1117	1.09893e-05	6.80823e-12	17.738	1.61412e+06
NMI01365	6.35271e-06	3.99931e-12	10.091	1.58845e+06
NMI96273	1.82327e-06	1.12946e-12	2.94326	1.61428e+06
NMI97397	2.22107e-06	1.38435e-12	3.56353	1.60442e+06
NMI98197	2.42539e-06	1.50246e-12	3.91524	1.61428e+06
NMI01158	3.82434e-06	2.38918e-12	6.12157	1.60069e+06
NMI98153	4.26022e-06	2.65357e-12	6.83965	1.60547e+06
NMI97371	1.22646e-06	7.62797e-13	1.97195	1.60784e+06
NMI97283	1.01012e-05	6.33983e-12	16.094	1.59328e+06
NMI9210	1.22203e-06	7.57013e-13	1.9727	1.61428e+06
NMI01114	1.83068e-06	1.13771e-12	2.94575	1.6091e+06
NMI0835	1.36023e-05	8.55618e-12	21.6244	1.58976e+06
NMI0174	1.93612e-06	1.20636e-12	3.10733	1.60493e+06
NMI9686	9.1285e-06	5.66793e-12	14.7019	1.61055e+06
NMI01208	1.22166e-06	7.56781e-13	1.9721	1.61428e+06
17MI0011	1.23234e-06	7.66016e-13	1.98256	1.60877e+06
NMI0278	1.04203e-05	6.466e-12	16.7929	1.61155e+06
NMI01235	2.43847e-06	1.51862e-12	3.91549	1.60571e+06
NMI0463	3.91727e-06	2.45131e-12	6.25994	1.59803e+06
NMI00112	1.42037e-05	8.9276e-12	22.5978	1.59098e+06
NMI97222	1.22565e-06	7.61421e-13	1.9729	1.60968e+06
NMI95286	6.19671e-07	3.83988e-13	1.00001	1.61378e+06
NMI96290	1.21687e-05	7.64234e-12	19.3759	1.59228e+06
NMI0664	1.62626e-05	1.00754e-11	26.2494	1.6141e+06
NMI96238	1.22162e-06	7.56758e-13	1.97204	1.61428e+06
NMI95240	1.22127e-06	7.5654e-13	1.97147	1.61428e+06
17MI0066	6.74665e-06	4.20124e-12	10.8342	1.60587e+06
NMI03108	3.03105e-06	1.87915e-12	4.88905	1.61299e+06
NMI9579	1.22353e-06	7.57968e-13	1.97504	1.61422e+06
NMI95280	1.22131e-06	7.56567e-13	1.97154	1.61428e+06
NMI02152	4.83365e-06	2.99433e-12	7.80278	1.61426e+06
NMI01244	6.87204e-06	4.27085e-12	11.0575	1.60906e+06
NMI99206	2.42557e-06	1.50258e-12	3.91554	1.61428e+06
NMI9535	3.8756e-06	2.4042e-12	6.24753	1.61202e+06
NMI0599	1.52897e-05	9.56612e-12	24.4377	1.59831e+06
NMI0064	1.22161e-06	7.5675e-13	1.97202	1.61428e+06
NMI02281	6.64539e-06	4.11908e-12	10.7211	1.61332e+06
NMI02158	1.44597e-05	9.0609e-12	23.0752	1.59583e+06
NMI95152	1.44657e-05	8.96138e-12	23.3508	1.61422e+06
NMI04200	2.64725e-05	1.69625e-11	41.3142	1.56065e+06
NMI9472	1.82352e-06	1.12962e-12	2.94367	1.61428e+06
NMI071	8.49817e-06	5.26481e-12	13.7173	1.61415e+06
NMI99118	4.27721e-06	2.67163e-12	6.84771	1.60097e+06
NMI094	1.82308e-06	1.12935e-12	2.94296	1.61428e+06
NMI9834	4.232e-06	2.62162e-12	6.83157	1.61427e+06
NMI99134	2.42533e-06	1.50242e-12	3.91514	1.61428e+06
NMI0898	1.17622e-05	7.34277e-12	18.8416	1.60188e+06
NMI02129	1.24488e-05	7.91464e-12	19.5804	1.57288e+06
NMI03142	2.5972e-05	1.61235e-11	41.8361	1.61082e+06
NMI028	1.82364e-06	1.12969e-12	2.94385	1.61428e+06
NMI9617	7.40548e-06	4.69911e-12	11.6705	1.57593e+06
NMI0676	1.25836e-06	7.81757e-13	2.02551	1.60965e+06
NMI0181	3.02812e-06	1.87584e-12	4.88821	1.61427e+06
NMI9835	3.02772e-06	1.87559e-12	4.88756	1.61427e+06
NMI0517	1.29547e-05	8.15665e-12	20.5752	1.58824e+06
NMI0128	6.19638e-07	3.83902e-13	1.00013	1.61405e+06
NMI97290	7.81333e-06	4.87986e-12	12.5102	1.60114e+06
NMI97373	1.59263e-06	9.89189e-13	2.56419	1.61004e+06
NMI96117	5.43537e-06	3.3671e-12	8.77412	1.61426e+06
NMI95303	1.22153e-06	7.56703e-13	1.97189	1.61428e+06
NMI9926	2.42606e-06	1.50288e-12	3.91632	1.61428e+06
NMI05148	2.42558e-06	1.50258e-12	3.91555	1.61428e+06
NMI00117	3.02825e-06	1.87592e-12	4.88843	1.61427e+06
NMI9543	2.42549e-06	1.50252e-12	3.9154	1.61428e+06
NMI94140	1.82428e-06	1.13009e-12	2.9449	1.61428e+06
NMI9526	4.23164e-06	2.6214e-12	6.831	1.61427e+06
NMI96318	1.22143e-06	7.56638e-13	1.97172	1.61428e+06
18MI0054	4.94553e-06	3.09696e-12	7.89748	1.59689e+06
NMI98255	1.56727e-05	9.70916e-12	25.2991	1.61422e+06
NMI96165	6.19627e-07	3.83929e-13	1.00002	1.61391e+06
NMI98215	1.82396e-06	1.12989e-12	2.94438	1.61428e+06
NMI99201	4.23213e-06	2.6217e-12	6.83179	1.61427e+06
NMI998	3.66688e-06	2.27309e-12	5.91531	1.61317e+06
NMI99249	3.62988e-06	2.24862e-12	5.8596	1.61427e+06
NMI0276	3.63728e-06	2.25487e-12	5.86721	1.61308e+06
NMI95275	6.82107e-06	4.23311e-12	10.9912	1.61136e+06
17MI0002	3.03096e-06	1.87945e-12	4.88798	1.61268e+06
NMI03127	1.22106e-06	7.56411e-13	1.97113	1.61428e+06
NMI9738	4.25634e-06	2.65129e-12	6.83306	1.60538e+06
NMI01148	5.7452e-06	3.56816e-12	9.25053	1.61013e+06
NMI9797	6.219e-07	3.85989e-13	1.002	1.61119e+06
15MI0012	1.5323e-06	9.56405e-13	2.45497	1.60215e+06
NMI04170	2.77502e-05	1.80876e-11	42.5745	1.53421e+06
NMI95278	6.0371e-06	3.73986e-12	9.74544	1.61426e+06
NMI9524	3.02822e-06	1.8759e-12	4.88837	1.61427e+06
NMI95215	2.44291e-06	1.51646e-12	3.93535	1.61093e+06
NMI9895	1.22154e-06	7.56709e-13	1.97191	1.61428e+06
NMI9897	6.00925e-06	3.73203e-12	9.67599	1.61018e+06
NMI94242	1.82346e-06	1.12958e-12	2.94357	1.61428e+06
NMI95167	2.42584e-06	1.50274e-12	3.91597	1.61428e+06
NMI01215	1.48228e-05	9.36038e-12	23.473	1.58357e+06
NMI94250	4.96562e-06	3.07739e-12	8.01243	1.61358e+06
16MI0063	1.22154e-06	7.56707e-13	1.9719	1.61428e+06
NMI96170	8.44699e-06	5.23277e-12	13.6355	1.61425e+06
NMI00149	5.44294e-06	3.37574e-12	8.77605	1.61237e+06
NMI1151	2.57782e-05	1.61596e-11	41.1219	1.59522e+06
NMI9858	3.42843e-06	2.13532e-12	5.50461	1.60558e+06
NMI97349	2.51636e-06	1.56164e-12	4.05473	1.61135e+06
NMI0025	2.42532e-06	1.50242e-12	3.91513	1.61428e+06
NMI99274	3.02755e-06	1.87549e-12	4.88729	1.61427e+06
NMI9841	4.8338e-06	3.00566e-12	7.77385	1.60823e+06
NMI01157	5.4366e-06	3.36785e-12	8.7761	1.61426e+06
NMI9663	3.03911e-06	1.88799e-12	4.89207	1.6097e+06
NMI99146	3.64997e-06	2.26946e-12	5.87024	1.6083e+06
NMI9915	2.42542e-06	1.50248e-12	3.91529	1.61428e+06
NMI0933	6.63956e-06	4.11307e-12	10.7179	1.61426e+06
NMI954	1.84741e-06	1.14462e-12	2.9817	1.61399e+06
NMI0883	2.42598e-06	1.50332e-12	3.91489	1.61374e+06
NMI02263	6.76955e-06	4.19877e-12	10.9144	1.61227e+06
NMI00224	3.02769e-06	1.87557e-12	4.88751	1.61427e+06
NMI98268	4.83311e-06	2.994e-12	7.80192	1.61426e+06
NMI99288	1.22166e-06	7.56782e-13	1.9721	1.61428e+06
NMI96186	5.43581e-06	3.36737e-12	8.77482	1.61426e+06
NMI99294	8.20878e-06	5.15165e-12	13.0801	1.59343e+06
NMI03133	1.33126e-05	8.36718e-12	21.181	1.59105e+06
NMI98175	1.02028e-05	6.36974e-12	16.3425	1.60176e+06
NMI96162	1.22141e-06	7.56628e-13	1.9717	1.61428e+06
NMI9157	1.2215e-06	7.56681e-13	1.97184	1.61428e+06
NMI9967	1.92029e-05	1.20342e-11	30.6418	1.59569e+06
NMI99213	4.83336e-06	2.99416e-12	7.80232	1.61426e+06
NMI99172	1.82341e-06	1.12955e-12	2.94349	1.61428e+06
NMI0842	6.6984e-06	4.16373e-12	10.7761	1.60875e+06
NMI0218	4.51749e-06	2.8245e-12	7.22527	1.5994e+06
NMI99297	4.83401e-06	2.99456e-12	7.80336	1.61426e+06
NMI9490	1.82336e-06	1.12952e-12	2.94341	1.61428e+06
NMI9939	9.62497e-06	6.01197e-12	15.4093	1.60097e+06
NMI98155	1.22155e-06	7.56716e-13	1.97193	1.61428e+06
NMI00199	6.55638e-06	4.06806e-12	10.5667	1.61167e+06
NMI9884	3.62928e-06	2.24825e-12	5.85864	1.61427e+06
NMI98226	3.35846e-06	2.08721e-12	5.40397	1.60906e+06
NMI9916	4.28598e-06	2.66415e-12	6.89511	1.60876e+06
NMI9839	1.71959e-05	1.08993e-11	27.1302	1.57771e+06
NMI96307	6.03677e-06	3.73965e-12	9.74491	1.61426e+06
NMI01124	7.92251e-06	4.9762e-12	12.6133	1.59208e+06
NMI97247	1.82395e-06	1.12989e-12	2.94436	1.61428e+06
NMI97338	1.22124e-06	7.56524e-13	1.97143	1.61428e+06
NMI9716	3.0253e-06	1.87499e-12	4.8813	1.6135e+06
NMI0236	6.33248e-06	3.94931e-12	10.1538	1.60344e+06
NMI97161	2.42535e-06	1.50244e-12	3.91519	1.61428e+06
NMI95307	4.23149e-06	2.62131e-12	6.83076	1.61427e+06
NMI9217	7.56011e-05	5.07427e-11	112.638	1.48989e+06
NMI04206	1.19896e-05	7.54248e-12	19.0587	1.5896e+06
NMI95180	5.46948e-06	3.38891e-12	8.82739	1.61394e+06
NMI0319	2.42525e-06	1.50238e-12	3.91502	1.61428e+06
NMI99221	3.70728e-06	2.31164e-12	5.94552	1.60374e+06
NMI98126	5.55012e-06	3.48038e-12	8.85071	1.59469e+06
NMI00238	1.14132e-05	7.10741e-12	18.3275	1.60582e+06
NMI94195	1.22379e-06	7.59322e-13	1.97238	1.61169e+06
19MI0030	1.0116e-05	6.40255e-12	15.9833	1.58e+06
NMI98248	3.93522e-06	2.45597e-12	6.30544	1.60231e+06
NMI01223	1.82377e-06	1.12977e-12	2.94406	1.61428e+06
NMI99304	3.62895e-06	2.24804e-12	5.8581	1.61427e+06
NMI0576	4.23577e-06	2.62697e-12	6.82984	1.61242e+06
NMI0745	3.11347e-06	1.94807e-12	4.97605	1.59823e+06
NMI9886	1.22118e-06	7.56488e-13	1.97133	1.61428e+06
NMI96235	1.22342e-06	7.58701e-13	1.9728	1.61253e+06
NMI0680	2.53244e-05	1.61333e-11	39.7516	1.56969e+06
NMI9995	5.53769e-05	3.70044e-11	82.8714	1.4965e+06
NMI02190	7.24211e-06	4.48635e-12	11.6906	1.61425e+06
NMI1069	1.0977e-05	6.85658e-12	17.5735	1.60094e+06
NMI074	7.28024e-06	4.52776e-12	11.706	1.60791e+06
NMI97101	1.22103e-06	7.56393e-13	1.97109	1.61428e+06
NMI9575	2.42563e-06	1.50261e-12	3.91563	1.61428e+06
NMI06132	1.22135e-06	7.56589e-13	1.9716	1.61428e+06
NMI025	1.15804e-05	7.20213e-12	18.6201	1.60791e+06
NMI1143	3.02704e-06	1.87517e-12	4.88647	1.61427e+06
NMI01324	1.18802e-05	7.41389e-12	19.037	1.60242e+06
NMI93161	3.62935e-06	2.24829e-12	5.85876	1.61427e+06
NMI0120	1.22138e-06	7.56607e-13	1.97164	1.61428e+06
NMI9583	1.22166e-06	7.56785e-13	1.97211	1.61428e+06
14MI0024	8.92977e-06	5.56598e-12	14.3265	1.60435e+06
NMI9493	1.22137e-06	7.56602e-13	1.97163	1.61428e+06
NMI01150	3.1551e-06	1.96044e-12	5.07778	1.60939e+06
NMI137	2.5551e-05	1.59411e-11	40.954	1.60284e+06
NMI98177	8.70392e-06	5.44031e-12	13.9253	1.59989e+06
NMI0692	1.66342e-05	1.08226e-11	25.5664	1.53698e+06
NMI9662	4.24958e-06	2.63974e-12	6.8412	1.60985e+06
NMI9695	1.82397e-06	1.1299e-12	2.9444	1.61428e+06
NMI0017	7.26677e-06	4.51414e-12	11.6979	1.60978e+06
NMI0031	9.0479e-06	5.60503e-12	14.6055	1.61425e+06
17MI0069	2.43105e-06	1.50897e-12	3.91658	1.61106e+06
NMI109	2.47487e-05	1.57154e-11	38.9743	1.5748e+06
NMI0185	1.82326e-06	1.12946e-12	2.94325	1.61428e+06
NMI0772	6.59277e-07	4.08797e-13	1.06323	1.61272e+06
NMI9613	1.22205e-06	7.57025e-13	1.97273	1.61428e+06
NMI9556	6.57294e-06	4.11476e-12	10.4997	1.59741e+06
NMI01243	2.61118e-06	1.61772e-12	4.21474	1.61411e+06
NMI0114	6.2058e-07	3.85083e-13	1.00009	1.61155e+06
NMI05162	8.45951e-06	5.24717e-12	13.6385	1.6122e+06
NMI0322	2.55154e-05	1.60714e-11	40.509	1.58763e+06
NMI97240	4.24371e-06	2.63565e-12	6.83285	1.61011e+06
NMI97150	6.19751e-07	3.84088e-13	1.00001	1.61357e+06
NMI03287	7.22193e-06	4.52064e-12	11.5373	1.59754e+06
NMI9846	1.22151e-06	7.56688e-13	1.97185	1.61428e+06
NMI99150	1.22157e-06	7.56727e-13	1.97196	1.61428e+06
NMI98256	3.63506e-06	2.25192e-12	5.86773	1.61421e+06
NMI03113	3.63473e-06	2.25425e-12	5.8606	1.61239e+06
NMI0329	3.02752e-06	1.87547e-12	4.88725	1.61427e+06
NMI9840	3.03127e-06	1.87941e-12	4.88909	1.61288e+06
NMI02147	1.45849e-06	9.12479e-13	2.33124	1.59839e+06
NMI97344	3.62928e-06	2.24825e-12	5.85863	1.61427e+06
NMI01188	1.82369e-06	1.12973e-12	2.94395	1.61428e+06
NMI00215	2.42536e-06	1.50245e-12	3.9152	1.61428e+06
NMI946	1.22145e-06	7.56655e-13	1.97177	1.61428e+06
NMI97206	2.42544e-06	1.5025e-12	3.91533	1.61428e+06
NMI99298	1.82365e-06	1.1297e-12	2.94388	1.61428e+06
NMI05103	5.43549e-06	3.36717e-12	8.7743	1.61426e+06
NMI97386	1.22117e-06	7.56478e-13	1.97131	1.61428e+06
17MI0033	4.55047e-06	2.87411e-12	7.20458	1.58326e+06
NMI99260	9.76553e-06	6.07776e-12	15.6909	1.60676e+06
NMI02253	6.04157e-06	3.74352e-12	9.75034	1.61387e+06
NMI05146	1.86102e-05	1.17927e-11	29.3691	1.57812e+06
NMI00133	7.02025e-06	4.36689e-12	11.2858	1.60761e+06
NMI94136	1.22147e-06	7.56665e-13	1.97179	1.61428e+06
NMI01246	4.8788e-06	3.04928e-12	7.80598	1.59998e+06
NMI98145	7.4848e-06	4.74567e-12	11.8049	1.57719e+06
NMI01126	1.83104e-06	1.13843e-12	2.94503	1.60839e+06
NMI095	1.22143e-06	7.56643e-13	1.97174	1.61428e+06
NMI99108	1.04307e-05	6.46748e-12	16.8227	1.6128e+06
NMI0471	3.62948e-06	2.24837e-12	5.85896	1.61427e+06
NMI043	3.62962e-06	2.24846e-12	5.85918	1.61427e+06
NMI9747	7.05428e-06	4.4002e-12	11.3092	1.60317e+06
NMI97359	3.64283e-06	2.26385e-12	5.86177	1.60913e+06
NMI0774	3.63055e-06	2.24903e-12	5.86068	1.61427e+06
NMI0129	3.95669e-05	2.55648e-11	61.2381	1.54771e+06
NMI02117	1.96832e-05	1.23765e-11	31.3037	1.59037e+06
NMI95290	1.21764e-05	7.62064e-12	19.4556	1.59782e+06
NMI0488	3.9065e-06	2.43001e-12	6.28011	1.60761e+06
NMI949	1.59534e-05	9.9586e-12	25.5569	1.60197e+06
NMI0940	3.64048e-05	2.31306e-11	57.2968	1.57388e+06
NMI96110	1.2216e-06	7.56744e-13	1.972	1.61428e+06
NMI00191	1.92652e-06	1.19844e-12	3.09692	1.60752e+06
NMI03121	8.3471e-06	5.20435e-12	13.3877	1.60387e+06
NMI01230	4.83418e-06	2.99466e-12	7.80364	1.61426e+06
17MI0061	4.55956e-06	2.82651e-12	7.35519	1.61314e+06
NMI00150	3.95377e-06	2.45797e-12	6.35985	1.60855e+06
NMI01284	2.42522e-06	1.50236e-12	3.91498	1.61428e+06
NMI00251	3.63492e-06	2.25363e-12	5.86283	1.61292e+06
NMI97186	1.22094e-06	7.56337e-13	1.97094	1.61428e+06
NMI94253	6.03772e-06	3.74024e-12	9.74645	1.61426e+06
NMI06124	6.08674e-06	3.77716e-12	9.80854	1.61146e+06
NMI01314	1.09127e-05	6.79688e-12	17.5208	1.60554e+06
NMI9826	1.31144e-05	8.20336e-12	20.9655	1.59866e+06
NMI95190	4.95904e-06	3.07697e-12	7.9923	1.61166e+06
NMI9854	8.54751e-06	5.32196e-12	13.728	1.60608e+06
NMI962	4.96075e-06	3.08055e-12	7.98852	1.61035e+06
NMI01286	6.91494e-06	4.29014e-12	11.1456	1.61182e+06
NMI0290	6.63907e-06	4.11277e-12	10.7172	1.61426e+06
NMI01261	8.34988e-06	5.2349e-12	13.3184	1.59504e+06
NMI9668	1.22273e-06	7.57949e-13	1.97251	1.6132e+06
NMI041	1.33806e-05	8.36908e-12	21.3932	1.59882e+06
NMI94204	1.82364e-06	1.12969e-12	2.94386	1.61428e+06
NMI01275	1.22163e-06	7.56762e-13	1.97205	1.61428e+06
NMI02136	5.43632e-06	3.36768e-12	8.77564	1.61426e+06
NMI01361	1.22141e-06	7.5663e-13	1.9717	1.61428e+06
NMI9649	1.8236e-06	1.12967e-12	2.94379	1.61428e+06
NMI1161	7.24981e-06	4.49452e-12	11.6942	1.61303e+06
NMI96214	7.21614e-06	4.53944e-12	11.4712	1.58965e+06
NMI95171	2.42572e-06	1.50267e-12	3.91577	1.61428e+06
NMI0077	4.23098e-06	2.62099e-12	6.82993	1.61427e+06
NMI94102	4.83521e-06	2.9953e-12	7.80531	1.61426e+06
NMI97256	3.10487e-06	1.94292e-12	4.96169	1.59804e+06
19MI0008	4.72236e-06	2.94792e-12	7.56488	1.60193e+06
NMI03119	3.5499e-05	2.25115e-11	55.9793	1.57693e+06
NMI9731	2.42662e-06	1.50322e-12	3.91723	1.61428e+06
NMI97322	1.82342e-06	1.12956e-12	2.94351	1.61428e+06
NMI01119	3.63097e-06	2.24952e-12	5.86078	1.61411e+06
NMI01325	3.63009e-06	2.24875e-12	5.85994	1.61427e+06
NMI96115	1.82378e-06	1.12978e-12	2.94409	1.61428e+06
NMI02220	1.83268e-06	1.14031e-12	2.94543	1.60718e+06
NMI02151	3.02777e-06	1.87562e-12	4.88764	1.61427e+06
NMI01323	1.22469e-06	7.59494e-13	1.97483	1.61251e+06
NMI01285	3.04215e-06	1.89355e-12	4.88747	1.60658e+06
NMI0057	4.23187e-06	2.62154e-12	6.83137	1.61427e+06
NMI96272	3.02853e-06	1.8761e-12	4.88888	1.61427e+06
NMI9981	3.02748e-06	1.87544e-12	4.88717	1.61427e+06
NMI04188	4.83457e-06	2.9949e-12	7.80427	1.61426e+06
NMI97350	3.17412e-06	1.98051e-12	5.08708	1.60267e+06
NMI96147	1.82457e-06	1.13038e-12	2.94507	1.61412e+06
NMI0089	3.62877e-06	2.24793e-12	5.85781	1.61427e+06
NMI95234	1.22151e-06	7.56687e-13	1.97185	1.61428e+06
NMI95255	2.86133e-06	1.77383e-12	4.61555	1.61308e+06
NMI95221	4.25351e-06	2.64708e-12	6.83482	1.60687e+06
NMI9529	1.22134e-06	7.56587e-13	1.97159	1.61428e+06
NMI9723	3.79727e-06	2.40632e-12	5.99225	1.57804e+06
NMI00201	2.45072e-06	1.52126e-12	3.94805	1.61098e+06
NMI01194	7.24803e-06	4.49349e-12	11.6911	1.61301e+06
NMI0265	6.0375e-06	3.74011e-12	9.74609	1.61426e+06
16MI0069	5.71477e-06	3.57623e-12	9.13213	1.59799e+06
NMI9397	3.02796e-06	1.87574e-12	4.88795	1.61427e+06
NMI96333	6.04594e-06	3.74548e-12	9.75933	1.6142e+06
NMI9957	1.89258e-06	1.1746e-12	3.04944	1.61126e+06
NMI00173	3.63606e-06	2.25403e-12	5.86546	1.61314e+06
NMI99257	2.62733e-06	1.63389e-12	4.22482	1.60803e+06
NMI04174	1.44672e-05	9.1238e-12	22.94	1.58566e+06
NMI0073	1.22133e-06	7.5658e-13	1.97157	1.61428e+06
NMI99185	3.02789e-06	1.8757e-12	4.88784	1.61427e+06
NMI0150	5.2861e-06	3.28298e-12	8.51143	1.61015e+06
NMI02264	3.62959e-06	2.24844e-12	5.85914	1.61427e+06
NMI00245	3.12011e-06	1.94628e-12	5.0019	1.60312e+06
NMI96334	1.22156e-06	7.56721e-13	1.97194	1.61428e+06
NMI0422	3.0911e-06	1.92801e-12	4.95584	1.60326e+06
NMI0038	1.82516e-06	1.13167e-12	2.94362	1.6128e+06
NMI04118	1.33811e-05	8.3376e-12	21.4755	1.60491e+06
NMI97306	2.42556e-06	1.50257e-12	3.91552	1.61428e+06
NMI94241	3.62932e-06	2.24828e-12	5.85871	1.61427e+06
NMI98105	1.8238e-06	1.12998e-12	2.94364	1.61401e+06
NMI03161	1.19031e-05	7.40683e-12	19.129	1.60705e+06
NMI0144	3.24161e-06	2.01243e-12	5.22156	1.61079e+06
NMI00281	5.84225e-06	3.65119e-12	9.34816	1.60009e+06
NMI0282	1.82357e-06	1.12965e-12	2.94375	1.61428e+06
NMI012	2.42598e-06	1.50283e-12	3.9162	1.61428e+06
NMI98288	3.03191e-06	1.88059e-12	4.8881	1.61222e+06
NMI0171	6.23532e-07	3.87276e-13	1.00392	1.61005e+06
NMI9724	1.45844e-05	9.23689e-12	23.0278	1.57893e+06
NMI97246	1.2235e-06	7.57954e-13	1.97499	1.61421e+06
NMI97212	1.82443e-06	1.13075e-12	2.94365	1.61346e+06
14MI0025	1.22162e-06	7.56761e-13	1.97204	1.61428e+06
NMI95248	3.03471e-06	1.88333e-12	4.88998	1.61135e+06
NMI98305	2.32544e-05	1.49113e-11	36.2656	1.55951e+06
NMI02172	2.1091e-05	1.3066e-11	34.0449	1.61419e+06
NMI9687	3.55092e-06	2.23292e-12	5.64688	1.59026e+06
NMI96222	3.02802e-06	1.87578e-12	4.88805	1.61427e+06
NMI0216	5.43443e-06	3.38146e-12	8.7338	1.60712e+06
16MI0064	3.00422e-06	1.87323e-12	4.81806	1.60376e+06
NMI97170	2.45449e-06	1.52268e-12	3.95651	1.61195e+06
NMI9986	8.30597e-06	5.21167e-12	13.2374	1.59372e+06
NMI97304	2.0462e-05	1.27095e-11	32.9433	1.60997e+06
NMI01163	1.85286e-06	1.15492e-12	2.97256	1.60431e+06
NMI99218	1.07361e-05	6.65784e-12	17.3124	1.61255e+06
NMI96255	2.82562e-06	1.75278e-12	4.55512	1.61208e+06
NMI93108	1.22135e-06	7.5659e-13	1.9716	1.61428e+06
NMI0143	1.84952e-06	1.1463e-12	2.98413	1.61347e+06
NMI97129	1.22137e-06	7.56601e-13	1.97163	1.61428e+06
NMI929	1.22266e-06	7.57823e-13	1.97262	1.61338e+06
NMI9796	3.1026e-05	2.00743e-11	47.9526	1.54556e+06
NMI04113	2.42577e-06	1.5027e-12	3.91585	1.61428e+06
18MI0078	5.72813e-06	3.60744e-12	9.0955	1.58787e+06
NMI96136	1.82401e-06	1.12992e-12	2.94446	1.61428e+06
NMI938	8.45985e-07	5.25087e-13	1.36299	1.61113e+06
NMI9832	4.83413e-06	2.99463e-12	7.80357	1.61426e+06
NMI04104	1.82449e-06	1.13039e-12	2.94478	1.61403e+06
NMI0654	7.34706e-06	4.57667e-12	11.7944	1.60533e+06
NMI97313	3.05836e-06	1.9039e-12	4.91284	1.60636e+06
NMI00221	1.22159e-06	7.56743e-13	1.972	1.61428e+06
NMI99222	3.29487e-06	2.04582e-12	5.30652	1.61054e+06
NMI9990	1.15708e-05	7.38973e-12	18.1175	1.56579e+06
NMI9612	1.22142e-06	7.56637e-13	1.97172	1.61428e+06
NMI9963	1.22123e-06	7.56514e-13	1.9714	1.61428e+06
NMI98114	6.03888e-06	3.74151e-12	9.74689	1.61402e+06
NMI03207	5.38026e-06	3.34033e-12	8.66597	1.6107e+06
NMI9523	1.82341e-06	1.12955e-12	2.94349	1.61428e+06
NMI99250	1.34949e-05	8.45092e-12	21.5495	1.59686e+06
NMI95173	4.61405e-06	2.88661e-12	7.37525	1.59843e+06
NMI0179	2.42586e-06	1.50276e-12	3.91601	1.61428e+06
NMI05152	2.91233e-05	1.87106e-11	45.3309	1.55651e+06
NMI936	7.84452e-06	4.85954e-12	12.663	1.61425e+06
NMI94166	6.25517e-07	3.88119e-13	1.00812	1.61166e+06
17MI0023	7.43624e-06	4.65172e-12	11.8876	1.5986e+06
NMI00193	5.36784e-06	3.32919e-12	8.65488	1.61236e+06
NMI00295	4.14172e-06	2.57207e-12	6.66927	1.61027e+06
NMI98286	2.42461e-06	1.50198e-12	3.91398	1.61428e+06
NMI9588	1.43912e-05	8.96058e-12	23.1131	1.60606e+06
NMI98240	1.20001e-05	7.55201e-12	19.068	1.58899e+06
NMI1248	4.18248e-05	2.69454e-11	64.9206	1.5522e+06
NMI92126	6.2018e-07	3.84491e-13	1.00034	1.61299e+06
14MI0030	6.20954e-07	3.85308e-13	1.00072	1.61158e+06
NMI042	3.16556e-05	1.98528e-11	50.4752	1.59451e+06
NMI131	4.62543e-06	2.90076e-12	7.37552	1.59456e+06
NMI9378	4.23535e-05	2.70777e-11	66.2471	1.56415e+06
NMI0941	6.19714e-07	3.84035e-13	1.00003	1.61369e+06
NMI1265	3.63556e-06	2.25603e-12	5.85866	1.61149e+06
NMI95112	3.0635e-06	1.91613e-12	4.8979	1.59879e+06
19MI0009	1.22146e-06	7.5666e-13	1.97178	1.61428e+06
NMI9443	2.66317e-05	1.71847e-11	41.2721	1.54974e+06
NMI029	1.32639e-05	8.21688e-12	21.411	1.61423e+06
NMI93159	6.64516e-06	4.13453e-12	10.6803	1.60723e+06
NMI98212	1.22162e-06	7.56758e-13	1.97204	1.61428e+06
NMI01212	3.07488e-06	1.90831e-12	4.95459	1.61131e+06
NMI03125	6.65982e-06	4.13684e-12	10.7215	1.60988e+06
NMI9976	4.23193e-06	2.62158e-12	6.83146	1.61427e+06
NMI01113	4.87343e-06	3.03072e-12	7.83653	1.60801e+06
NMI0116	3.62989e-06	2.24863e-12	5.85963	1.61427e+06
NMI9777	1.82357e-06	1.12965e-12	2.94374	1.61428e+06
NMI01273	6.2014e-07	3.84564e-13	1.00002	1.61258e+06
NODE_916	3.50139e-06	2.18041e-12	5.62269	1.60584e+06
NODE_917	1.22252e-06	7.57861e-13	1.97206	1.61311e+06
NODE_918	6.1963e-07	3.83907e-13	1.00009	1.61401e+06
NODE_919	2.93366e-05	1.91655e-11	44.9056	1.5307e+06
NODE_920	1.82295e-06	1.12927e-12	2.94275	1.61428e+06
NODE_921	4.10222e-05	2.7018e-11	62.2853	1.51833e+06
NODE_922	2.05331e-05	1.30397e-11	32.3328	1.57467e+06
NODE_923	1.22132e-06	7.56572e-13	1.97155	1.61428e+06
NODE_924	2.07008e-05	1.33642e-11	32.0651	1.54898e+06
NODE_925	2.43021e-06	1.50551e-12	3.92287	1.61421e+06
NODE_931	1.22142e-06	7.56634e-13	1.97171	1.61428e+06
NODE_933	4.54939e-06	2.84456e-12	7.27598	1.59933e+06
NODE_934	1.32889e-05	8.43123e-12	20.9454	1.57615e+06
NODE_935	7.14967e-06	4.48085e-12	11.4081	1.59561e+06
NODE_939	4.10387e-06	2.55077e-12	6.60261	1.60887e+06
NODE_940	5.73475e-06	3.57131e-12	9.20875	1.60578e+06
NODE_941	6.23099e-06	3.87963e-12	10.0075	1.60608e+06
NODE_942	1.9802e-06	1.24495e-12	3.14966	1.59058e+06
NODE_945	1.28691e-06	7.98751e-13	2.07341	1.61115e+06
NODE_946	1.87228e-06	1.16372e-12	3.01228	1.60888e+06
NODE_947	3.08179e-06	1.91275e-12	4.96535	1.61119e+06
NODE_948	1.23513e-06	7.66121e-13	1.99125	1.61218e+06
NODE_949	2.16752e-05	1.39209e-11	33.7489	1.55703e+06
NODE_950	4.41884e-06	2.73989e-12	7.1266	1.61278e+06
NODE_951	1.23283e-06	7.666e-13	1.98261	1.60818e+06
NODE_952	6.20287e-07	3.84636e-13	1.00031	1.61266e+06
NODE_954	2.53777e-06	1.58436e-12	4.0649	1.60176e+06
NODE_956	1.22286e-06	7.57617e-13	1.97381	1.61409e+06
NODE_960	3.63142e-06	2.25073e-12	5.85907	1.61344e+06
NODE_964	6.20031e-07	3.84318e-13	1.00031	1.61333e+06
NODE_965	8.69264e-06	5.43926e-12	13.892	1.59813e+06
NODE_966	6.09531e-06	3.78503e-12	9.81573	1.61037e+06
NODE_967	3.17617e-05	2.03505e-11	49.5716	1.56073e+06
NODE_969	2.73038e-06	1.70177e-12	4.38071	1.60444e+06
NODE_970	9.22552e-06	5.86168e-12	14.5198	1.57387e+06
NODE_971	1.16383e-05	7.27063e-12	18.6299	1.60073e+06
NODE_972	1.22215e-06	7.57401e-13	1.97206	1.61361e+06
NODE_973	1.8236e-06	1.12967e-12	2.9438	1.61428e+06
NODE_974	2.23458e-05	1.42907e-11	34.9414	1.56367e+06
NODE_975	1.57552e-06	9.77484e-13	2.53944	1.61181e+06
NODE_976	1.82406e-06	1.12995e-12	2.94453	1.61428e+06
NODE_977	1.20663e-06	7.47622e-13	1.94744	1.61395e+06
NODE_980	1.82342e-06	1.12956e-12	2.94351	1.61428e+06
NODE_981	3.03089e-06	1.87948e-12	4.88768	1.61262e+06
NODE_985	1.99369e-06	1.24123e-12	3.20231	1.60622e+06
NODE_986	1.82368e-06	1.12972e-12	2.94393	1.61428e+06
NODE_988	4.13313e-06	2.56575e-12	6.65798	1.61088e+06
NODE_989	1.22154e-06	7.56707e-13	1.97191	1.61428e+06
NODE_991	1.22095e-06	7.56343e-13	1.97096	1.61428e+06
NODE_992	2.42542e-06	1.50248e-12	3.91529	1.61428e+06
NODE_993	1.22153e-06	7.56702e-13	1.97189	1.61428e+06
NODE_994	3.02835e-06	1.87598e-12	4.88858	1.61427e+06
NODE_995	6.33085e-07	3.93053e-13	1.0197	1.61069e+06
NODE_996	4.23188e-06	2.62155e-12	6.83139	1.61427e+06
NODE_997	1.29446e-05	8.24554e-12	20.3215	1.56989e+06
NODE_998	7.01558e-06	4.42403e-12	11.1252	1.58579e+06
NODE_999	6.19918e-07	3.84271e-13	1.00007	1.61323e+06
NODE_1000	1.43669e-05	9.06879e-12	22.7601	1.58421e+06
NODE_1001	2.70804e-05	1.70665e-11	42.9699	1.58675e+06
NODE_1002	2.60002e-06	1.63363e-12	4.13809	1.59156e+06
NODE_1004	1.16695e-05	7.41054e-12	18.3763	1.57472e+06
NODE_1005	7.28174e-07	4.51466e-13	1.17448	1.61291e+06
NODE_1006	5.44391e-06	3.37515e-12	8.78068	1.61294e+06
NODE_1007	1.1961e-05	7.62264e-12	18.7685	1.56914e+06
NODE_1009	1.93577e-05	1.23569e-11	30.3248	1.56655e+06
NODE_1010	2.03596e-06	1.2633e-12	3.2812	1.61162e+06
NODE_1011	1.85033e-06	1.14631e-12	2.98671	1.61415e+06
NODE_1012	2.78352e-05	1.77316e-11	43.696	1.56981e+06
NODE_1015	1.83077e-06	1.13418e-12	2.9552	1.61418e+06
NODE_1017	1.17141e-05	7.37722e-12	18.6006	1.58788e+06
NODE_1019	3.86557e-06	2.40624e-12	6.20997	1.60648e+06
NODE_1022	1.23511e-06	7.703e-13	1.98039	1.60341e+06
NODE_1023	2.42579e-06	1.50271e-12	3.9159	1.61428e+06
NODE_1024	1.33301e-05	8.48644e-12	20.9383	1.57075e+06
NODE_1025	1.79276e-06	1.12649e-12	2.8531	1.59146e+06
NODE_1026	2.45026e-05	1.55955e-11	38.4967	1.57113e+06
NODE_1027	5.63992e-06	3.54863e-12	8.96367	1.58933e+06
NODE_1028	1.91254e-05	1.21835e-11	30.0225	1.56977e+06
NODE_1029	3.01154e-06	1.86718e-12	4.85723	1.61288e+06
NODE_1030	5.78168e-06	3.61669e-12	9.24265	1.59861e+06
NODE_1032	5.44781e-06	3.41149e-12	8.69959	1.5969e+06
NODE_1033	6.21446e-07	3.85803e-13	1.00102	1.61079e+06
NODE_1034	7.31316e-06	4.55821e-12	11.7332	1.60439e+06
NODE_1035	2.6326e-06	1.63939e-12	4.22754	1.60584e+06
NODE_1036	2.4257e-06	1.50266e-12	3.91575	1.61428e+06
NODE_1037	8.66136e-07	5.38435e-13	1.39328	1.60862e+06
NODE_1038	1.85314e-05	1.17738e-11	29.1674	1.57395e+06
NODE_1039	3.02687e-06	1.87507e-12	4.8862	1.61427e+06
NODE_1040	1.22126e-06	7.56533e-13	1.97145	1.61428e+06
NODE_1042	2.67049e-05	1.68693e-11	42.2752	1.58305e+06
NODE_1043	3.03168e-06	1.87878e-12	4.89204	1.61364e+06
NODE_1044	1.03957e-05	6.47869e-12	16.6809	1.6046e+06
NODE_1045	1.96533e-06	1.22253e-12	3.15945	1.6076e+06
NODE_1047	2.36009e-06	1.47681e-12	3.77165	1.59809e+06
NODE_1048	1.2216e-06	7.56745e-13	1.972	1.61428e+06
NODE_1049	1.82357e-06	1.12965e-12	2.94375	1.61428e+06
NODE_1050	1.2214e-06	7.5662e-13	1.97168	1.61428e+06
NODE_1051	1.55975e-05	9.87134e-12	24.6454	1.58008e+06
NODE_1053	6.20892e-07	3.85491e-13	1.00004	1.61066e+06
NODE_1055	4.9029e-06	3.0424e-12	7.90113	1.61152e+06
NODE_1056	1.14245e-05	7.14326e-12	18.2715	1.59933e+06
NODE_1057	6.21443e-07	3.85231e-13	1.00249	1.61317e+06
NODE_1058	7.24256e-06	4.48663e-12	11.6913	1.61425e+06
NODE_1059	9.53712e-06	5.9861e-12	15.1947	1.59321e+06
NODE_1060	1.22307e-06	7.57687e-13	1.9743	1.61422e+06
NODE_1061	4.43949e-06	2.75416e-12	7.15613	1.61192e+06
NODE_1064	6.30603e-07	3.91115e-13	1.01674	1.61232e+06
NODE_1065	6.19867e-07	3.84212e-13	1.00006	1.61335e+06
NODE_1068	3.7047e-06	2.30975e-12	5.94211	1.60394e+06
NODE_1069	6.19675e-07	3.83912e-13	1.00022	1.6141e+06
NODE_1071	1.22131e-06	7.56568e-13	1.97154	1.61428e+06
NODE_1072	1.22133e-06	7.5658e-13	1.97157	1.61428e+06
NODE_1075	2.42604e-06	1.50287e-12	3.9163	1.61428e+06
NODE_1076	4.94934e-06	3.06652e-12	7.98822	1.614e+06
NODE_1081	2.42604e-06	1.50287e-12	3.9163	1.61428e+06
NODE_1088	2.42604e-06	1.50287e-12	3.9163	1.61428e+06
NODE_1090	1.22133e-06	7.5658e-13	1.97157	1.61428e+06
NODE_1093	7.68239e-07	4.76433e-13	1.23877	1.61248e+06
NODE_1094	1.82384e-06	1.12982e-12	2.94419	1.61428e+06
NODE_1095	1.70886e-05	1.0819e-11	26.9915	1.57951e+06
NODE_1097	3.62922e-06	2.24821e-12	5.85854	1.61427e+06
NODE_1099	4.37162e-06	2.73375e-12	6.9908	1.59913e+06
NODE_1101	8.67198e-06	5.4079e-12	13.9062	1.60358e+06
NODE_1102	4.46288e-06	2.78774e-12	7.14461	1.6009e+06
NODE_1103	6.03896e-06	3.74101e-12	9.74844	1.61426e+06
NODE_1105	1.22157e-06	7.5673e-13	1.97196	1.61428e+06
NODE_1108	6.2309e-07	3.86939e-13	1.00337	1.6103e+06
NODE_1109	1.47358e-05	9.24665e-12	23.4834	1.59363e+06
NODE_1110	4.26534e-06	2.66183e-12	6.83483	1.60241e+06
NODE_1111	5.13765e-06	3.18716e-12	8.28181	1.61198e+06
NODE_1112	1.35328e-05	8.58436e-12	21.3337	1.57645e+06
NODE_1113	6.19617e-07	3.83917e-13	1.00002	1.61393e+06
NODE_1116	6.1977e-07	3.8405e-13	1.00017	1.61377e+06
NODE_1117	6.62581e-06	4.12505e-12	10.6426	1.60624e+06
NODE_1118	4.19347e-06	2.59839e-12	6.76772	1.61387e+06
NODE_1119	2.12339e-05	1.3408e-11	33.6274	1.58367e+06
NODE_1120	1.22153e-06	7.56702e-13	1.97189	1.61428e+06
NODE_1121	7.77295e-06	4.87404e-12	12.396	1.59476e+06
NODE_1122	3.87423e-06	2.40198e-12	6.24886	1.61293e+06
NODE_1123	1.37014e-05	8.6008e-12	21.8267	1.59303e+06
NODE_1124	6.63237e-07	4.10944e-13	1.07042	1.61393e+06
NODE_1125	6.30517e-07	3.90754e-13	1.01739	1.61359e+06
NODE_1126	5.43657e-06	3.38904e-12	8.72112	1.60416e+06
NODE_1128	5.22942e-06	3.25819e-12	8.39325	1.60501e+06
NODE_1129	3.0441e-06	1.89256e-12	4.89632	1.60846e+06
NODE_1130	2.1435e-05	1.35236e-11	33.9744	1.585e+06
NODE_1132	4.57957e-06	2.83938e-12	7.38629	1.61288e+06
NODE_1133	5.59282e-06	3.47916e-12	8.99056	1.60752e+06
NODE_1134	8.39647e-07	5.21399e-13	1.35214	1.61037e+06
NODE_1135	1.92073e-06	1.19636e-12	3.08367	1.60547e+06
NODE_1136	3.64282e-06	2.26074e-12	5.86983	1.61134e+06
NODE_1137	6.48208e-07	4.02924e-13	1.04281	1.60876e+06
NODE_1138	1.83537e-06	1.13933e-12	2.95665	1.61093e+06
NODE_1139	2.87632e-06	1.78423e-12	4.63683	1.61207e+06
NODE_1140	4.2315e-06	2.62131e-12	6.83077	1.61427e+06
NODE_1142	4.49628e-06	2.82445e-12	7.15767	1.59191e+06
NODE_1144	3.39552e-06	2.10865e-12	5.46773	1.61028e+06
NODE_1146	1.0296e-05	6.48289e-12	16.3519	1.58818e+06
NODE_1147	1.22176e-06	7.56927e-13	1.97203	1.6141e+06
NODE_1148	6.58713e-07	4.08214e-13	1.06293	1.61365e+06
NODE_1149	1.82362e-06	1.12968e-12	2.94384	1.61428e+06
NODE_1150	3.62949e-06	2.24838e-12	5.85897	1.61427e+06
NODE_1151	1.22139e-06	7.56718e-13	1.97141	1.61406e+06
NODE_1152	2.42565e-06	1.50263e-12	3.91567	1.61428e+06
NODE_1153	7.8457e-06	4.86053e-12	12.6643	1.61417e+06
NODE_1154	6.34145e-07	3.93569e-13	1.02178	1.61127e+06
NODE_1156	3.75094e-06	2.32916e-12	6.04063	1.61043e+06
NODE_1157	4.18789e-06	2.59694e-12	6.7535	1.61263e+06
NODE_1158	1.22237e-06	7.57591e-13	1.97229	1.6135e+06
NODE_1159	9.88954e-06	6.23315e-12	15.6908	1.5866e+06
NODE_1160	1.22158e-06	7.56735e-13	1.97198	1.61428e+06
NODE_1161	1.8412e-06	1.14383e-12	2.96374	1.60968e+06
NODE_1162	5.58615e-06	3.49666e-12	8.92425	1.59757e+06
NODE_1164	9.95199e-06	6.23608e-12	15.8821	1.59587e+06
NODE_1165	1.63197e-06	1.01126e-12	2.63368	1.6138e+06
NODE_1166	1.99477e-05	1.24798e-11	31.8844	1.5984e+06
NODE_1167	6.36122e-07	3.98333e-13	1.01586	1.59696e+06
NODE_1169	8.80779e-06	5.48874e-12	14.1339	1.6047e+06
NODE_1170	6.25889e-07	3.88736e-13	1.00772	1.61006e+06
NODE_1171	3.08983e-06	1.92836e-12	4.95084	1.6023e+06
NODE_1172	1.22161e-06	7.56753e-13	1.97202	1.61428e+06
NODE_1173	6.19739e-07	3.83996e-13	1.00021	1.61392e+06
NODE_1174	1.39743e-06	8.67336e-13	2.2515	1.61117e+06
NODE_1175	4.24934e-06	2.63504e-12	6.85262	1.61263e+06
NODE_1176	2.53027e-06	1.58446e-12	4.04068	1.59693e+06
NODE_1181	1.22472e-05	7.68103e-12	19.5278	1.59447e+06
NODE_1182	2.43702e-06	1.51515e-12	3.91979	1.60843e+06
NODE_1183	4.61931e-06	2.89607e-12	7.36793	1.59503e+06
NODE_1184	1.01373e-05	6.35761e-12	16.1641	1.59451e+06
NODE_1185	2.57091e-06	1.60817e-12	4.10998	1.59865e+06
NODE_1187	1.22144e-06	7.56644e-13	1.97174	1.61428e+06
NODE_1188	3.02764e-06	1.87554e-12	4.88743	1.61427e+06
NODE_1196	2.42972e-06	1.50735e-12	3.91651	1.61192e+06
NODE_1197	1.8815e-06	1.17838e-12	3.00415	1.59668e+06
NODE_1198	3.09361e-06	1.92136e-12	4.98107	1.61011e+06
NODE_1199	5.21457e-06	3.26684e-12	8.32355	1.59621e+06
NODE_1200	2.19497e-06	1.36759e-12	3.52289	1.60499e+06
NODE_1202	4.86696e-06	3.04615e-12	7.77617	1.59774e+06
NODE_1205	5.15164e-06	3.2146e-12	8.25587	1.60257e+06
NODE_1208	6.22519e-06	3.88017e-12	9.98745	1.60436e+06
NODE_1210	2.52313e-06	1.57384e-12	4.04501	1.60317e+06
NODE_1211	2.43929e-06	1.5187e-12	3.91792	1.60617e+06
NODE_1212	4.75903e-06	2.99035e-12	7.57382	1.59146e+06
NODE_1213	6.20665e-07	3.85178e-13	1.00012	1.61137e+06
NODE_1214	1.18657e-05	7.45226e-12	18.8931	1.59224e+06
NODE_1215	2.42512e-06	1.5023e-12	3.91481	1.61428e+06
NODE_1216	2.10118e-06	1.30284e-12	3.38871	1.61277e+06
NODE_1217	1.74162e-05	1.091e-11	27.8021	1.59634e+06
NODE_1218	1.66957e-06	1.03606e-12	2.69044	1.61146e+06
NODE_1219	6.2143e-07	3.85765e-13	1.00106	1.6109e+06
NODE_1220	6.1968e-07	3.8391e-13	1.00024	1.61413e+06
NODE_1221	1.5993e-06	1.00005e-12	2.55766	1.59923e+06
NODE_1223	1.82378e-06	1.12986e-12	2.94387	1.61416e+06
NODE_1224	1.85005e-06	1.15276e-12	2.96913	1.60489e+06
NODE_1225	6.20847e-07	3.84614e-13	1.00217	1.61421e+06
NODE_1227	1.61706e-05	1.013e-11	25.8133	1.59631e+06
NODE_1228	6.77469e-07	4.2027e-13	1.09207	1.61199e+06
NODE_1229	3.02997e-06	1.87818e-12	4.88812	1.61325e+06
NODE_1230	5.08947e-06	3.16819e-12	8.17586	1.60643e+06
NODE_1232	5.24569e-06	3.26404e-12	8.43042	1.60711e+06
NODE_1233	3.88653e-06	2.4225e-12	6.23533	1.60434e+06
NODE_1234	8.40922e-06	5.25108e-12	13.4668	1.60143e+06
NODE_1235	3.02713e-06	1.87523e-12	4.88661	1.61427e+06
NODE_1236	4.24664e-06	2.63997e-12	6.83113	1.60859e+06
NODE_1237	4.83382e-06	2.99444e-12	7.80307	1.61426e+06
NODE_1238	6.25788e-07	3.88416e-13	1.00822	1.61113e+06
NODE_1239	5.10654e-06	3.17483e-12	8.2136	1.60845e+06
NODE_1241	2.64602e-06	1.64258e-12	4.26244	1.61089e+06
NODE_1242	1.92252e-06	1.19768e-12	3.08604	1.6052e+06
NODE_1243	7.71255e-06	4.84136e-12	12.2865	1.59305e+06
NODE_1244	2.42503e-06	1.50224e-12	3.91467	1.61428e+06
NODE_1247	1.82339e-06	1.12954e-12	2.94346	1.61428e+06
NODE_1249	7.49542e-06	4.68848e-12	11.9829	1.59869e+06
NODE_1250	1.18802e-05	7.4421e-12	18.965	1.59635e+06
NODE_1251	2.18448e-06	1.35899e-12	3.51139	1.60743e+06
NODE_1253	4.80972e-06	3.0225e-12	7.65374	1.59131e+06
NODE_1254	1.82385e-06	1.12983e-12	2.94421	1.61428e+06
NODE_1255	5.48075e-06	3.41135e-12	8.80548	1.60662e+06
NODE_1256	4.30227e-06	2.69002e-12	6.88081	1.59935e+06
NODE_1257	2.34153e-06	1.45242e-12	3.77491	1.61216e+06
NODE_1258	2.43561e-06	1.51415e-12	3.91782	1.60856e+06
NODE_1259	4.84318e-06	3.00831e-12	7.79719	1.60993e+06
NODE_1260	4.28734e-06	2.68343e-12	6.84994	1.59771e+06
NODE_1261	1.02522e-05	6.35108e-12	16.5495	1.61424e+06
NODE_1262	6.20227e-06	3.87223e-12	9.93437	1.60173e+06
NODE_1263	4.83415e-06	2.99464e-12	7.80359	1.61426e+06
NODE_1264	1.22146e-06	7.5666e-13	1.97178	1.61428e+06
NODE_1265	3.75853e-06	2.34605e-12	6.0214	1.60206e+06
NODE_1266	1.22122e-06	7.56512e-13	1.9714	1.61428e+06
NODE_1267	2.51566e-06	1.5607e-12	4.05495	1.61188e+06
NODE_1268	1.23783e-05	7.75415e-12	19.7599	1.59634e+06
NODE_1269	1.82344e-06	1.12957e-12	2.94354	1.61428e+06
NODE_1270	4.24036e-06	2.63105e-12	6.83402	1.61166e+06
NODE_1271	2.42554e-06	1.50256e-12	3.9155	1.61428e+06
NODE_1272	4.42511e-06	2.75591e-12	7.10531	1.60568e+06
NODE_1273	1.71331e-06	1.06357e-12	2.76	1.61092e+06
NODE_1274	3.02823e-06	1.87591e-12	4.8884	1.61427e+06
NODE_1276	2.43035e-06	1.5085e-12	3.91553	1.6111e+06
NODE_1277	3.96042e-06	2.45789e-12	6.38146	1.61131e+06
NODE_1278	6.14709e-06	3.82883e-12	9.86901	1.60548e+06
NODE_1279	5.60919e-06	3.47598e-12	9.05157	1.6137e+06
NODE_1280	6.82131e-07	4.23055e-13	1.09986	1.61239e+06
NODE_1281	1.88919e-06	1.17526e-12	3.03679	1.60746e+06
NODE_1284	5.06739e-06	3.16132e-12	8.1227	1.60293e+06
NODE_1285	6.45916e-07	4.01052e-13	1.04028	1.61055e+06
NODE_1286	1.22639e-06	7.61187e-13	1.9759	1.61115e+06
NODE_1287	2.37377e-06	1.4765e-12	3.81629	1.60769e+06
NODE_1288	1.09995e-05	6.86311e-12	17.629	1.6027e+06
NODE_1290	2.01194e-06	1.24677e-12	3.24672	1.61372e+06
NODE_1291	1.46985e-05	9.20079e-12	23.4812	1.59752e+06
NODE_1293	3.26962e-06	2.0304e-12	5.26517	1.61033e+06
NODE_1294	1.21806e-06	7.55207e-13	1.96457	1.61288e+06
NODE_1295	1.22151e-06	7.56692e-13	1.97186	1.61428e+06
NODE_1296	1.82325e-06	1.12945e-12	2.94323	1.61428e+06
NODE_1297	2.47353e-06	1.539e-12	3.97553	1.60723e+06
NODE_1298	1.82373e-06	1.12975e-12	2.94401	1.61428e+06
NODE_1299	3.0278e-06	1.87564e-12	4.88769	1.61427e+06
NODE_1300	3.02822e-06	1.87608e-12	4.88792	1.61412e+06
NODE_1302	1.83393e-06	1.14176e-12	2.94571	1.60623e+06
NODE_1303	1.86069e-06	1.15976e-12	2.98523	1.60437e+06
NODE_1304	1.22169e-06	7.56804e-13	1.97216	1.61428e+06
NODE_1305	1.84185e-06	1.14424e-12	2.96477	1.60967e+06
NODE_1306	3.84641e-06	2.39536e-12	6.17649	1.60578e+06
NODE_1307	3.62991e-06	2.24864e-12	5.85966	1.61427e+06
NODE_1308	9.28774e-06	5.77316e-12	14.9419	1.60878e+06
NODE_1309	1.22141e-06	7.56626e-13	1.97169	1.61428e+06
NODE_1310	3.02748e-06	1.87545e-12	4.88718	1.61427e+06
NODE_1311	2.42505e-06	1.50225e-12	3.9147	1.61428e+06
NODE_1313	1.22388e-06	7.59898e-13	1.97117	1.61059e+06
NODE_1314	1.22298e-06	7.57632e-13	1.97416	1.61422e+06
NODE_1317	1.85306e-06	1.15126e-12	2.98267	1.60959e+06
NODE_1319	1.9031e-06	1.18083e-12	3.06715	1.61166e+06
NODE_1321	4.23793e-06	2.6283e-12	6.83335	1.61242e+06
NODE_1323	1.67769e-06	1.041e-12	2.70378	1.61161e+06
NODE_1325	1.82871e-06	1.13564e-12	2.94475	1.61029e+06
NODE_1326	4.00049e-06	2.48361e-12	6.44381	1.61076e+06
NODE_1329	4.23108e-06	2.62105e-12	6.83009	1.61427e+06
NODE_1331	3.06925e-06	1.91113e-12	4.92917	1.60598e+06
NODE_1332	6.6941e-06	4.16594e-12	10.7565	1.60687e+06
NODE_1334	6.199e-07	3.84135e-13	1.00037	1.61376e+06
NODE_1335	6.64697e-06	4.12158e-12	10.7197	1.61272e+06
NODE_1336	1.51161e-06	9.40067e-13	2.43064	1.60798e+06
NODE_1337	2.82383e-06	1.76137e-12	4.52719	1.60321e+06
NODE_1338	1.99328e-06	1.23683e-12	3.21237	1.61161e+06
NODE_1339	7.12297e-06	4.42277e-12	11.4717	1.61052e+06
NODE_1340	2.11756e-06	1.31278e-12	3.41568	1.61303e+06
NODE_1341	1.22113e-06	7.5671e-13	1.97057	1.61373e+06
NODE_1342	4.72917e-06	2.94379e-12	7.59735	1.60649e+06
NODE_1343	6.26503e-07	3.88862e-13	1.00937	1.61112e+06
NODE_1344	3.63327e-06	2.25238e-12	5.86076	1.61308e+06
NODE_1345	1.21714e-06	7.54529e-13	1.96338	1.61311e+06
NODE_1346	1.81804e-06	1.12623e-12	2.93482	1.61428e+06
NODE_1347	1.22512e-06	7.59126e-13	1.97718	1.61386e+06
NODE_1348	2.42587e-06	1.50276e-12	3.91602	1.61428e+06
NODE_1349	8.51843e-07	5.29733e-13	1.36982	1.60806e+06
NODE_1352	1.85471e-06	1.15214e-12	2.98571	1.6098e+06
NODE_1353	2.5627e-06	1.59868e-12	4.10804	1.60301e+06
NODE_1355	6.19549e-07	3.83833e-13	1.00002	1.61411e+06
NODE_1356	6.20423e-07	3.84475e-13	1.00117	1.61369e+06
NODE_1357	3.02802e-06	1.87578e-12	4.88805	1.61427e+06
NODE_1358	1.19758e-06	7.43157e-13	1.92988	1.61148e+06
NODE_1359	3.77379e-06	2.33886e-12	6.08909	1.61352e+06
NODE_1360	1.22138e-06	7.56609e-13	1.97165	1.61428e+06
NODE_1361	1.22147e-06	7.56668e-13	1.9718	1.61428e+06
NODE_1363	1.22116e-06	7.56475e-13	1.9713	1.61428e+06
NODE_1364	4.70342e-06	2.92906e-12	7.55263	1.60577e+06
NODE_1365	6.762e-07	4.19024e-13	1.09122	1.61375e+06
NODE_1371	3.63701e-06	2.25715e-12	5.86042	1.61133e+06
NODE_1377	1.22204e-06	7.5702e-13	1.97272	1.61428e+06
NODE_1380	1.82328e-06	1.12947e-12	2.94329	1.61428e+06
NODE_1382	1.22116e-06	7.56475e-13	1.9713	1.61428e+06
NODE_1384	1.22343e-06	7.59032e-13	1.97197	1.61183e+06
NODE_1385	2.42573e-06	1.50267e-12	3.91579	1.61428e+06
NODE_1388	1.22165e-06	7.56775e-13	1.97208	1.61428e+06
NODE_1392	1.22196e-06	7.57278e-13	1.97179	1.61363e+06
NODE_1394	1.82365e-06	1.1297e-12	2.94388	1.61428e+06
NODE_1395	6.36998e-07	3.95465e-13	1.02605	1.61076e+06
NODE_1396	3.04884e-06	1.89197e-12	4.9131	1.61146e+06
NODE_1397	3.64158e-06	2.25653e-12	5.87678	1.6138e+06
NODE_1401	2.43354e-06	1.50877e-12	3.92515	1.61294e+06
NODE_1402	2.55765e-06	1.58466e-12	4.12805	1.614e+06
NODE_1403	8.86261e-06	5.50293e-12	14.2735	1.61053e+06
NODE_1404	3.67224e-06	2.27728e-12	5.92168	1.61255e+06
NODE_1405	1.8259e-06	1.1324e-12	2.9441	1.61241e+06
NODE_1406	4.83242e-06	2.99357e-12	7.8008	1.61426e+06
NODE_1407	9.79819e-07	6.07625e-13	1.58	1.61254e+06
NODE_1409	1.82263e-06	1.12907e-12	2.94223	1.61428e+06
NODE_1410	6.21717e-07	3.85479e-13	1.00273	1.61284e+06
NODE_1412	1.22109e-06	7.56431e-13	1.97118	1.61428e+06
NODE_1413	4.86632e-06	3.02565e-12	7.82676	1.60835e+06
NODE_1417	6.19713e-07	3.83969e-13	1.0002	1.61397e+06
NODE_1421	1.22143e-06	7.56643e-13	1.97174	1.61428e+06
NODE_1422	1.22168e-06	7.56794e-13	1.97213	1.61428e+06
NODE_1423	2.42501e-06	1.50223e-12	3.91464	1.61428e+06
NODE_1424	1.82347e-06	1.12959e-12	2.94358	1.61428e+06
NODE_1427	6.20753e-07	3.84701e-13	1.00165	1.6136e+06
NODE_1428	1.22155e-06	7.56716e-13	1.97193	1.61428e+06
NODE_1429	1.22128e-06	7.56548e-13	1.97149	1.61428e+06
NODE_1431	1.22167e-06	7.5679e-13	1.97212	1.61428e+06
NODE_1433	1.22194e-06	7.56955e-13	1.97255	1.61428e+06
NODE_1435	4.05477e-06	2.51936e-12	6.52594	1.60945e+06
NODE_1437	1.22109e-06	7.56431e-13	1.97118	1.61428e+06
NODE_1438	1.22161e-06	7.56753e-13	1.97202	1.61428e+06
NODE_1439	4.31682e-06	2.68742e-12	6.93414	1.60631e+06
NODE_1440	1.22165e-06	7.56779e-13	1.97209	1.61428e+06
NODE_1447	1.23001e-06	7.63322e-13	1.98204	1.61139e+06
NODE_1450	3.18746e-06	1.98305e-12	5.12338	1.60735e+06
NODE_1451	6.20909e-07	3.85279e-13	1.00064	1.61158e+06
NODE_1453	6.19675e-07	3.83912e-13	1.00022	1.6141e+06
NODE_1454	3.86502e-06	2.39632e-12	6.23388	1.6129e+06
NODE_1457	4.83949e-06	3.00164e-12	7.80264	1.61228e+06
NODE_1458	1.22144e-06	7.56648e-13	1.97175	1.61428e+06
NODE_1459	2.20384e-06	1.36672e-12	3.55369	1.6125e+06
NODE_1460	1.25232e-06	7.76936e-13	2.01856	1.61187e+06
NODE_1462	2.42517e-06	1.50233e-12	3.9149	1.61428e+06
NODE_1463	1.82408e-06	1.12996e-12	2.94456	1.61428e+06
NODE_1464	9.79637e-06	6.08014e-12	15.784	1.61121e+06
NODE_1466	6.20841e-07	3.85391e-13	1.00014	1.61094e+06
NODE_1469	2.43049e-06	1.50826e-12	3.91664	1.61146e+06
NODE_1473	6.19658e-07	3.83914e-13	1.00016	1.61406e+06
NODE_1474	1.82388e-06	1.12984e-12	2.94424	1.61428e+06
NODE_1476	1.22144e-06	7.56648e-13	1.97175	1.61428e+06
NODE_1477	6.19675e-07	3.83912e-13	1.00022	1.6141e+06
NODE_1479	5.51165e-06	3.42796e-12	8.8619	1.60785e+06
NODE_1482	1.22827e-06	7.63723e-13	1.9754	1.60827e+06
NODE_1483	1.82347e-06	1.12959e-12	2.94359	1.61428e+06
NODE_1484	4.24129e-06	2.63236e-12	6.83361	1.61121e+06
NODE_1485	1.22135e-06	7.56591e-13	1.9716	1.61428e+06
NODE_1486	1.82339e-06	1.13083e-12	2.94011	1.61244e+06
NODE_1488	9.74622e-06	6.05412e-12	15.6899	1.60985e+06
NODE_1489	9.04802e-06	5.60511e-12	14.6057	1.61425e+06
NODE_1490	3.19873e-06	1.99125e-12	5.13844	1.6064e+06
NODE_1492	1.82337e-06	1.12952e-12	2.94342	1.61428e+06
NODE_1493	3.02732e-06	1.87535e-12	4.88692	1.61427e+06
NODE_1497	6.07378e-06	3.78294e-12	9.75187	1.60557e+06
NODE_1499	6.23429e-07	3.86222e-13	1.00632	1.61417e+06
NODE_1500	1.09742e-06	6.80346e-13	1.77019	1.61304e+06
NODE_1504	3.1757e-06	1.97763e-12	5.0996	1.60582e+06
NODE_1505	1.22759e-06	7.63522e-13	1.97372	1.6078e+06
NODE_1506	1.82361e-06	1.12967e-12	2.94381	1.61428e+06
NODE_1507	2.42644e-06	1.50364e-12	3.91558	1.61371e+06
NODE_1508	3.88998e-06	2.41522e-12	6.26526	1.61061e+06
NODE_1509	6.56757e-06	4.08249e-12	10.5654	1.60872e+06
NODE_1511	1.23624e-06	7.68163e-13	1.98955	1.60935e+06
NODE_1512	1.89329e-06	1.1746e-12	3.0517	1.61185e+06
NODE_1513	2.55243e-06	1.59063e-12	4.09579	1.60467e+06
NODE_1514	1.22143e-06	7.56641e-13	1.97173	1.61428e+06
NODE_1516	3.0288e-06	1.87643e-12	4.88888	1.61413e+06
NODE_1518	1.07556e-05	6.67456e-12	17.3321	1.61144e+06
NODE_1520	2.42545e-06	1.5025e-12	3.91535	1.61428e+06
NODE_1522	6.43911e-06	3.99709e-12	10.3731	1.61095e+06
NODE_1524	6.25941e-07	3.88787e-13	1.00776	1.60998e+06
NODE_1525	1.23182e-06	7.6397e-13	1.98618	1.61239e+06
NODE_1528	6.19663e-07	3.83898e-13	1.00022	1.61413e+06
NODE_1529	2.85596e-06	1.77458e-12	4.59628	1.60937e+06
NODE_1530	3.6611e-06	2.27945e-12	5.88023	1.60613e+06
NODE_1531	1.84023e-06	1.14381e-12	2.96067	1.60886e+06
NODE_1532	6.19721e-07	3.84047e-13	1.00002	1.61366e+06
NODE_1533	6.42338e-07	3.97978e-13	1.03674	1.614e+06
NODE_1534	6.24433e-07	3.88365e-13	1.004	1.60785e+06
NODE_1536	1.22151e-06	7.56693e-13	1.97187	1.61428e+06
NODE_1537	1.22149e-06	7.56677e-13	1.97183	1.61428e+06
NODE_1538	1.82453e-06	1.13035e-12	2.94501	1.61412e+06
NODE_1539	1.83239e-06	1.13535e-12	2.95739	1.61395e+06
NODE_1540	2.4327e-06	1.50825e-12	3.92378	1.61293e+06
NODE_1541	1.82506e-06	1.13115e-12	2.94464	1.61345e+06
NODE_1542	2.42539e-06	1.50247e-12	3.91525	1.61428e+06
NODE_1544	9.85298e-06	6.12423e-12	15.852	1.60885e+06
NODE_1546	1.22162e-06	7.56757e-13	1.97203	1.61428e+06
NODE_1548	1.2216e-06	7.56745e-13	1.972	1.61428e+06
NODE_1549	1.23855e-06	7.69945e-13	1.99236	1.60862e+06
NODE_1552	2.42565e-06	1.50263e-12	3.91567	1.61428e+06
NODE_1554	1.82354e-06	1.12963e-12	2.94369	1.61428e+06
NODE_1556	3.64642e-06	2.26314e-12	5.87517	1.61122e+06
NODE_1557	2.00275e-06	1.24105e-12	3.23194	1.61375e+06
NODE_1558	1.2217e-06	7.56807e-13	1.97216	1.61428e+06
NODE_1559	3.62997e-06	2.24868e-12	5.85976	1.61427e+06
NODE_1561	9.07699e-06	5.6377e-12	14.6144	1.61005e+06
NODE_1562	2.81006e-06	1.74153e-12	4.53422	1.61356e+06
NODE_1565	6.20348e-07	3.84561e-13	1.0007	1.61313e+06
NODE_1566	1.22257e-06	7.57997e-13	1.97189	1.6129e+06
NODE_1567	6.20748e-07	3.84718e-13	1.00158	1.61351e+06
NODE_1568	7.54958e-07	4.68713e-13	1.21601	1.6107e+06
NODE_1569	1.22317e-06	7.58547e-13	1.97238	1.61252e+06
NODE_1570	1.2219e-06	7.56931e-13	1.97249	1.61428e+06
NODE_1571	6.21906e-07	3.85365e-13	1.00364	1.61381e+06
NODE_1573	3.02832e-06	1.87596e-12	4.88853	1.61427e+06
NODE_1574	6.42319e-07	3.98539e-13	1.03521	1.61168e+06
NODE_1575	1.22852e-06	7.63575e-13	1.97657	1.6089e+06
NODE_1577	5.63537e-06	3.49936e-12	9.0752	1.6104e+06
NODE_1578	1.54819e-06	9.5989e-13	2.49706	1.61289e+06
NODE_1580	4.8349e-06	2.99511e-12	7.80481	1.61426e+06
NODE_1582	1.92834e-06	1.19809e-12	3.1037	1.60952e+06
NODE_1584	6.20321e-07	3.84647e-13	1.00039	1.6127e+06
NODE_1585	3.01938e-06	1.87368e-12	4.86566	1.61147e+06
NODE_1586	1.82327e-06	1.12946e-12	2.94326	1.61428e+06
NODE_1587	5.50003e-06	3.4121e-12	8.8656	1.61192e+06
NODE_1588	4.83638e-06	2.99763e-12	7.80303	1.6134e+06
NODE_1589	4.23222e-06	2.62176e-12	6.83193	1.61427e+06
NODE_1590	1.27209e-06	7.88622e-13	2.05196	1.61306e+06
NODE_1591	6.07004e-06	3.76919e-12	9.77539	1.61043e+06
NODE_1593	6.20074e-07	3.84416e-13	1.0002	1.61303e+06
NODE_1595	6.20912e-07	3.85015e-13	1.00134	1.6127e+06
NODE_1596	1.73667e-06	1.07806e-12	2.79765	1.61093e+06
NODE_1598	3.63055e-06	2.24941e-12	5.85972	1.614e+06
NODE_1599	1.4794e-06	9.18314e-13	2.38329	1.61099e+06
NODE_1601	2.72882e-06	1.69051e-12	4.40488	1.61421e+06
NODE_1605	1.22664e-06	7.60336e-13	1.97891	1.61328e+06
NODE_1610	2.50397e-06	1.55783e-12	4.02476	1.60735e+06
NODE_1611	1.22159e-06	7.56742e-13	1.97199	1.61428e+06
NODE_1612	4.35276e-06	2.70835e-12	6.99559	1.60716e+06
NODE_1613	4.97772e-06	3.08644e-12	8.02793	1.61277e+06
NODE_1614	6.19743e-07	3.84061e-13	1.00005	1.61366e+06
NODE_1615	5.46693e-06	3.39213e-12	8.81078	1.61165e+06
NODE_1616	6.1992e-07	3.84292e-13	1.00002	1.61315e+06
NODE_1617	6.19953e-07	3.8427e-13	1.00019	1.61333e+06
NODE_1618	6.2233e-07	3.86059e-13	1.0032	1.61201e+06
NODE_1619	3.97313e-06	2.46156e-12	6.41291	1.61407e+06
NODE_1620	9.71527e-07	6.02338e-13	1.567	1.61293e+06
NODE_1621	3.77631e-06	2.34262e-12	6.08742	1.612e+06
NODE_1622	1.22427e-06	7.59119e-13	1.97445	1.61275e+06
NODE_1623	1.22138e-06	7.56608e-13	1.97165	1.61428e+06
NODE_1624	6.21926e-07	3.85673e-13	1.0029	1.61257e+06
NODE_1625	6.2909e-07	3.899e-13	1.01502	1.61347e+06
NODE_1626	3.53505e-06	2.19333e-12	5.69755	1.61173e+06
NODE_1628	1.22125e-06	7.56532e-13	1.97145	1.61428e+06
NODE_1629	8.44321e-06	5.23043e-12	13.6294	1.61425e+06
NODE_1631	1.22118e-06	7.56484e-13	1.97132	1.61428e+06
NODE_1633	6.41664e-06	3.97569e-12	10.3563	1.61397e+06
NODE_1634	1.64925e-06	1.02255e-12	2.66002	1.61287e+06
NODE_1635	6.20204e-07	3.84635e-13	1.00005	1.61245e+06
NODE_1636	2.42651e-06	1.50334e-12	3.91659	1.61408e+06
NODE_1637	1.46225e-06	9.06322e-13	2.35918	1.61339e+06
NODE_1638	6.21384e-07	3.85103e-13	1.00264	1.61355e+06
NODE_1639	7.1104e-07	4.41717e-13	1.14458	1.60972e+06
NODE_1640	6.19498e-07	3.83776e-13	1	1.61422e+06
NODE_1641	6.19958e-07	3.84337e-13	1.00003	1.61306e+06
NODE_1642	1.22371e-06	7.58632e-13	1.9739	1.61304e+06
NODE_1643	9.85549e-07	6.11389e-13	1.58869	1.61198e+06
NODE_1644	2.22276e-06	1.37927e-12	3.5821	1.61155e+06
NODE_1645	6.20617e-07	3.84661e-13	1.00131	1.61341e+06
NODE_1647	1.82354e-06	1.12963e-12	2.94369	1.61428e+06
NODE_1648	6.05707e-06	3.75528e-12	9.76975	1.61295e+06
NODE_1649	1.22749e-06	7.60488e-13	1.98129	1.61409e+06
NODE_1650	6.20418e-07	3.84346e-13	1.00149	1.61422e+06
NODE_1651	6.2044e-07	3.84906e-13	1.0001	1.61193e+06
NODE_1652	6.5607e-07	4.07056e-13	1.05742	1.61174e+06
NODE_1653	3.03167e-06	1.87917e-12	4.891	1.6133e+06
NODE_1654	4.81792e-06	2.99253e-12	7.75675	1.60998e+06
NODE_1655	6.20286e-07	3.84438e-13	1.00083	1.61349e+06
NODE_1656	6.19663e-07	3.83898e-13	1.00022	1.61413e+06
NODE_1657	6.30361e-07	3.90705e-13	1.01702	1.61339e+06
NODE_1658	1.93406e-06	1.19835e-12	3.12146	1.61394e+06
NODE_1659	1.20588e-05	7.47032e-12	19.4658	1.61423e+06
NODE_1660	1.82378e-06	1.12978e-12	2.94409	1.61428e+06
NODE_1663	6.46159e-07	4.00461e-13	1.0426	1.61354e+06
NODE_1664	1.22616e-06	7.60707e-13	1.97642	1.61187e+06
NODE_1666	1.14179e-05	7.07954e-12	18.4148	1.6128e+06
NODE_1667	1.82346e-06	1.12958e-12	2.94357	1.61428e+06
NODE_1669	6.6541e-06	4.123e-12	10.7391	1.6139e+06
NODE_1670	2.68926e-06	1.66797e-12	4.33587	1.61229e+06
NODE_1672	2.42531e-06	1.50242e-12	3.91512	1.61428e+06
NODE_1675	1.22155e-06	7.56716e-13	1.97193	1.61428e+06
NODE_1681	2.42596e-06	1.50281e-12	3.91616	1.61428e+06
NODE_1683	1.82394e-06	1.12988e-12	2.94435	1.61428e+06
NODE_1685	4.23123e-06	2.62115e-12	6.83034	1.61427e+06
NODE_1687	2.42616e-06	1.50294e-12	3.91649	1.61428e+06
NODE_1688	3.50828e-06	2.17333e-12	5.66321	1.61424e+06
NODE_1689	6.25356e-07	3.87486e-13	1.00925	1.61388e+06
NODE_1692	6.64032e-06	4.11354e-12	10.7192	1.61426e+06
NODE_1693	6.63932e-06	4.11293e-12	10.7176	1.61426e+06
NODE_1699	1.22291e-06	7.58339e-13	1.97207	1.61261e+06
NODE_1700	1.22138e-06	7.56609e-13	1.97165	1.61428e+06
NODE_1703	1.2217e-06	7.56808e-13	1.97217	1.61428e+06
NODE_1708	2.67285e-06	1.658e-12	4.30888	1.61209e+06
NODE_1709	2.42763e-06	1.5053e-12	3.91508	1.61272e+06
NODE_1711	2.42531e-06	1.50242e-12	3.91512	1.61428e+06
NODE_1713	1.82322e-06	1.12943e-12	2.94318	1.61428e+06
NODE_1714	1.22141e-06	7.56625e-13	1.97169	1.61428e+06
NODE_1728	6.19689e-07	3.83993e-13	1.00006	1.6138e+06
NODE_1732	1.82394e-06	1.12988e-12	2.94435	1.61428e+06
NODE_1734	1.22166e-06	7.56785e-13	1.97211	1.61428e+06
NODE_1736	1.23445e-06	7.65496e-13	1.99068	1.61261e+06
NODE_1737	3.04609e-06	1.88764e-12	4.91547	1.6137e+06
NODE_1738	1.82324e-06	1.12945e-12	2.94321	1.61428e+06
NODE_1739	4.23187e-06	2.62154e-12	6.83136	1.61427e+06
NODE_1744	4.23137e-06	2.62124e-12	6.83057	1.61427e+06
NODE_1745	2.4325e-06	1.50695e-12	3.92653	1.61419e+06
NODE_1746	1.22177e-06	7.56854e-13	1.97229	1.61428e+06
NODE_1747	2.42565e-06	1.50263e-12	3.91567	1.61428e+06
NODE_1751	3.02771e-06	1.87559e-12	4.88754	1.61427e+06
NODE_1758	6.03823e-06	3.74056e-12	9.74727	1.61426e+06
NODE_1759	6.21909e-07	3.85561e-13	1.00314	1.61299e+06
NODE_1763	1.22165e-06	7.56775e-13	1.97208	1.61428e+06
NODE_1764	3.02759e-06	1.87551e-12	4.88736	1.61427e+06
NODE_1765	6.03785e-06	3.74032e-12	9.74665	1.61426e+06
NODE_1766	3.0271e-06	1.87521e-12	4.88657	1.61427e+06
NODE_1767	2.42597e-06	1.50282e-12	3.91618	1.61428e+06
NODE_1768	1.22172e-06	7.5682e-13	1.9722	1.61428e+06
NODE_1770	4.00892e-06	2.48384e-12	6.4704	1.614e+06
NODE_1772	2.16922e-06	1.34789e-12	3.49102	1.60934e+06
NODE_1774	1.22117e-06	7.5648e-13	1.97131	1.61428e+06
NODE_1775	7.40356e-07	4.58987e-13	1.19421	1.61302e+06
NODE_1779	1.87646e-06	1.16322e-12	3.02703	1.61316e+06
NODE_1785	1.22179e-06	7.56862e-13	1.97231	1.61428e+06
NODE_1789	1.22103e-06	7.56395e-13	1.97109	1.61428e+06
NODE_1791	1.22145e-06	7.56656e-13	1.97177	1.61428e+06
NODE_1794	1.82356e-06	1.12965e-12	2.94374	1.61428e+06
NODE_1800	3.0271e-06	1.87521e-12	4.88657	1.61427e+06
NODE_1801	1.22158e-06	7.56732e-13	1.97197	1.61428e+06
NODE_1806	1.82356e-06	1.12965e-12	2.94374	1.61428e+06
NODE_1816	1.22123e-06	7.56518e-13	1.97141	1.61428e+06
NODE_1821	6.21749e-07	3.85626e-13	1.00245	1.61231e+06
NODE_1822	2.5912e-06	1.60653e-12	4.17938	1.61292e+06
NODE_1823	9.47195e-07	5.87489e-13	1.52714	1.61228e+06
NODE_1824	1.92496e-06	1.19284e-12	3.10642	1.61376e+06
NODE_1825	3.0274e-06	1.8754e-12	4.88705	1.61427e+06
NODE_1826	2.43274e-06	1.51406e-12	3.90884	1.60677e+06
NODE_1827	3.34864e-05	2.11819e-11	52.9385	1.5809e+06
NODE_1828	2.09244e-05	1.31842e-11	33.2087	1.58708e+06
