2003.869
2006.532
2003.039
2004.880
2004.644
2003.433
2004.929
2002.789
2000.028
1999.455
1997.863
1996.540
1997.934
1996.877
2001.584
1992.792
1992.959
1994.792
1995.625
1996.458
1995.625
1995.625
1995.625
1999.573
2003.817
1996.540
1993.792
1997.677
2001.392
1999.660
1999.674
2004.578
1997.499
1998.231
2006.110
2001.655
2003.945
1998.031
1995.540
1995.792
1995.625
1995.373
1994.710
1995.710
1996.373
1996.540
1993.625
1995.291
1993.206
1993.540
1995.044
2005.513
2007.044
1999.800
1992.127
1990.877
